1 0.468245 0.515569 0.016802 0.027954 0 0 0 0 0 0 0 0 0 0 0 0
0 0.483716 0.604218 0.017057 0.030528 0 0 0 0 0 0 0 0 0 0 0 0
0 0.269591 0.637894 0.018641 0.031324 0 0 0 0 0 0 0 0 0 0 0 0
1 0.818562 0.561102 0.018698 0.029389 0 0 0 0 0 0 0 0 0 0 0 0
1 0.793628 0.586157 0.019245 0.030352 0 0 0 0 0 0 0 0 0 0 0 0
1 0.603086 0.781551 0.017078 0.030843 0 0 0 0 0 0 0 0 0 0 0 0
1 0.375820 0.761792 0.017891 0.030843 0 0 0 0 0 0 0 0 0 0 0 0
1 0.308872 0.914782 0.017891 0.031324 0 0 0 0 0 0 0 0 0 0 0 0
1 0.245177 0.856236 0.018427 0.031806 0 0 0 0 0 0 0 0 0 0 0 0
1 0.300604 0.744685 0.018156 0.028426 0 0 0 0 0 0 0 0 0 0 0 0
1 0.321341 0.544481 0.017891 0.029870 0 0 0 0 0 0 0 0 0 0 0 0
1 0.334872 0.307806 0.017099 0.029148 0 0 0 0 0 0 0 0 0 0 0 0
1 0.261901 0.188079 0.017802 0.028731 0 0 0 0 0 0 0 0 0 0 0 0
2 0.498034 0.469236 0.080089 0.139380 0.498552 0.399546 2 0.497135 0.538926 2 0.538078 0.471120 2 0.457990 0.466065 2
