1 0.598747 0.221731 0.017214 0.028796 0 0 0 0 0 0 0 0 0 0 0 0
1 0.752115 0.103310 0.019031 0.030954 0 0 0 0 0 0 0 0 0 0 0 0
1 0.773776 0.150102 0.019031 0.029519 0 0 0 0 0 0 0 0 0 0 0 0
1 0.729943 0.271037 0.019229 0.028074 0 0 0 0 0 0 0 0 0 0 0 0
1 0.766682 0.507796 0.019771 0.029556 0 0 0 0 0 0 0 0 0 0 0 0
1 0.507182 0.839250 0.015927 0.029241 0 0 0 0 0 0 0 0 0 0 0 0
0 0.386195 0.644792 0.017849 0.031417 0 0 0 0 0 0 0 0 0 0 0 0
1 0.382076 0.072847 0.017568 0.032065 0 0 0 0 0 0 0 0 0 0 0 0
1 0.663536 0.096472 0.017208 0.029519 0 0 0 0 0 0 0 0 0 0 0 0
2 0.498034 0.469236 0.080089 0.139380 0.498552 0.399546 2 0.497135 0.538926 2 0.538078 0.471120 2 0.457990 0.466065 2
