1 0.470174 0.508884 0.017245 0.030657 0 0 0 0 0 0 0 0 0 0 0 0
1 0.507180 0.361699 0.016620 0.029546 0 0 0 0 0 0 0 0 0 0 0 0
1 0.350536 0.745551 0.018187 0.033454 0 0 0 0 0 0 0 0 0 0 0 0
1 0.273076 0.603102 0.018818 0.031778 0 0 0 0 0 0 0 0 0 0 0 0
1 0.164099 0.855657 0.019760 0.031778 0 0 0 0 0 0 0 0 0 0 0 0
0 0.164044 0.898662 0.019766 0.032139 0 0 0 0 0 0 0 0 0 0 0 0
0 0.548214 0.573213 0.017844 0.031111 0 0 0 0 0 0 0 0 0 0 0 0
1 0.222898 0.071231 0.018818 0.030667 0 0 0 0 0 0 0 0 0 0 0 0
1 0.497302 0.230125 0.016938 0.030657 0 0 0 0 0 0 0 0 0 0 0 0
1 0.819529 0.639065 0.019755 0.030111 0 0 0 0 0 0 0 0 0 0 0 0
1 0.514078 0.184968 0.017875 0.030657 0 0 0 0 0 0 0 0 0 0 0 0
1 0.645479 0.156537 0.017875 0.030667 0 0 0 0 0 0 0 0 0 0 0 0
1 0.416391 0.915588 0.018187 0.033454 0 0 0 0 0 0 0 0 0 0 0 0
1 0.457003 0.707917 0.016620 0.028426 0 0 0 0 0 0 0 0 0 0 0 0
2 0.498336 0.469236 0.079484 0.139380 0.498552 0.399546 2 0.497135 0.538926 2 0.538078 0.471120 2 0.458594 0.465796 2
