1 0.578690 0.826426 0.016620 0.030111 0 0 0 0 0 0 0 0 0 0 0 0
1 0.727818 0.563037 0.016625 0.030111 0 0 0 0 0 0 0 0 0 0 0 0
1 0.617552 0.594130 0.016625 0.030111 0 0 0 0 0 0 0 0 0 0 0 0
1 0.490284 0.882556 0.016620 0.030111 0 0 0 0 0 0 0 0 0 0 0 0
1 0.804081 0.889463 0.016620 0.030111 0 0 0 0 0 0 0 0 0 0 0 0
1 0.778336 0.194301 0.016620 0.030102 0 0 0 0 0 0 0 0 0 0 0 0
1 0.624352 0.074264 0.016620 0.030102 0 0 0 0 0 0 0 0 0 0 0 0
1 0.289669 0.228843 0.016620 0.030111 0 0 0 0 0 0 0 0 0 0 0 0
1 0.186690 0.324699 0.016620 0.030102 0 0 0 0 0 0 0 0 0 0 0 0
1 0.275096 0.388602 0.016620 0.030111 0 0 0 0 0 0 0 0 0 0 0 0
1 0.288211 0.797926 0.016620 0.030111 0 0 0 0 0 0 0 0 0 0 0 0
1 0.468911 0.515542 0.016625 0.030102 0 0 0 0 0 0 0 0 0 0 0 0
0 0.534003 0.563903 0.017286 0.029343 0 0 0 0 0 0 0 0 0 0 0 0
0 0.391677 0.880829 0.017281 0.029343 0 0 0 0 0 0 0 0 0 0 0 0
2 0.496599 0.469778 0.071500 0.126778 0.498745 0.406389 2 0.496396 0.533167 2 0.532349 0.473787 2 0.460849 0.467139 2
