0 0.277526 0.897241 0.017698 0.029130 0 0 0 0 0 0 0 0 0 0 0 0
0 0.511172 0.897241 0.017698 0.029130 0 0 0 0 0 0 0 0 0 0 0 0
0 0.663698 0.550949 0.017698 0.029120 0 0 0 0 0 0 0 0 0 0 0 0
0 0.545661 0.341102 0.017698 0.029130 0 0 0 0 0 0 0 0 0 0 0 0
0 0.549063 0.428324 0.017698 0.029130 0 0 0 0 0 0 0 0 0 0 0 0
1 0.800680 0.033681 0.016620 0.030102 0 0 0 0 0 0 0 0 0 0 0 0
1 0.602492 0.664074 0.016620 0.030111 0 0 0 0 0 0 0 0 0 0 0 0
1 0.514086 0.557856 0.016620 0.030102 0 0 0 0 0 0 0 0 0 0 0 0
1 0.413049 0.642486 0.016620 0.030102 0 0 0 0 0 0 0 0 0 0 0 0
1 0.433451 0.448185 0.016620 0.030111 0 0 0 0 0 0 0 0 0 0 0 0
2 0.456495 0.499537 0.071500 0.126778 0.458641 0.436148 2 0.456292 0.562926 2 0.492245 0.503546 2 0.420745 0.496907 2
