1 0.554888 0.800519 0.016620 0.030111 0 0 0 0 0 0 0 0 0 0 0 0
0 0.368021 0.802870 0.017698 0.029130 0 0 0 0 0 0 0 0 0 0 0 0
0 0.159589 0.083954 0.017698 0.029130 0 0 0 0 0 0 0 0 0 0 0 0
0 0.474589 0.097472 0.017698 0.029130 0 0 0 0 0 0 0 0 0 0 0 0
0 0.497354 0.211194 0.017698 0.029130 0 0 0 0 0 0 0 0 0 0 0 0
0 0.489495 0.370685 0.017698 0.029130 0 0 0 0 0 0 0 0 0 0 0 0
0 0.604958 0.434769 0.017698 0.029130 0 0 0 0 0 0 0 0 0 0 0 0
0 0.641547 0.443444 0.017698 0.029130 0 0 0 0 0 0 0 0 0 0 0 0
0 0.675969 0.335991 0.017698 0.029130 0 0 0 0 0 0 0 0 0 0 0 0
1 0.516029 0.525042 0.016620 0.030102 0 0 0 0 0 0 0 0 0 0 0 0
1 0.477169 0.533681 0.016620 0.030102 0 0 0 0 0 0 0 0 0 0 0 0
1 0.456768 0.615713 0.016620 0.030111 0 0 0 0 0 0 0 0 0 0 0 0
1 0.206607 0.118306 0.016620 0.030111 0 0 0 0 0 0 0 0 0 0 0 0
2 0.462628 0.503324 0.074214 0.127981 0.464099 0.439333 2 0.462313 0.567315 2 0.499734 0.506935 2 0.425521 0.500694 2
