0 0.411224 0.480361 0.017698 0.029130 0 0 0 0 0 0 0 0 0 0 0 0
0 0.744901 0.860028 0.017698 0.029130 0 0 0 0 0 0 0 0 0 0 0 0
0 0.738312 0.186556 0.017698 0.029130 0 0 0 0 0 0 0 0 0 0 0 0
0 0.271672 0.407889 0.017698 0.029130 0 0 0 0 0 0 0 0 0 0 0 0
0 0.136198 0.576259 0.017698 0.029130 0 0 0 0 0 0 0 0 0 0 0 0
0 0.236552 0.120769 0.017698 0.029130 0 0 0 0 0 0 0 0 0 0 0 0
1 0.679242 0.247843 0.016620 0.030111 0 0 0 0 0 0 0 0 0 0 0 0
1 0.738990 0.139032 0.016625 0.030102 0 0 0 0 0 0 0 0 0 0 0 0
1 0.595693 0.143352 0.016625 0.030111 0 0 0 0 0 0 0 0 0 0 0 0
1 0.615122 0.152847 0.016620 0.030102 0 0 0 0 0 0 0 0 0 0 0 0
