1 0.230115 0.189315 0.018823 0.032074 0 0 0 0 0 0 0 0 0 0 0 0
1 0.249328 0.159917 0.018823 0.031370 0 0 0 0 0 0 0 0 0 0 0 0
1 0.320109 0.114255 0.017646 0.031602 0 0 0 0 0 0 0 0 0 0 0 0
1 0.343070 0.246134 0.017547 0.030380 0 0 0 0 0 0 0 0 0 0 0 0
1 0.380578 0.326255 0.017844 0.029843 0 0 0 0 0 0 0 0 0 0 0 0
1 0.413622 0.244921 0.017693 0.030657 0 0 0 0 0 0 0 0 0 0 0 0
1 0.527956 0.093014 0.017693 0.031731 0 0 0 0 0 0 0 0 0 0 0 0
1 0.470216 0.508759 0.017776 0.029741 0 0 0 0 0 0 0 0 0 0 0 0
1 0.163826 0.852366 0.019359 0.029843 0 0 0 0 0 0 0 0 0 0 0 0
1 0.668909 0.904282 0.018172 0.032528 0 0 0 0 0 0 0 0 0 0 0 0
1 0.798573 0.848162 0.018427 0.032769 0 0 0 0 0 0 0 0 0 0 0 0
0 0.164339 0.898079 0.019094 0.033546 0 0 0 0 0 0 0 0 0 0 0 0
1 0.175349 0.104264 0.018562 0.031602 0 0 0 0 0 0 0 0 0 0 0 0
0 0.548099 0.572421 0.017510 0.030120 0 0 0 0 0 0 0 0 0 0 0 0
2 0.498336 0.469236 0.079484 0.139380 0.498552 0.399546 2 0.497135 0.538926 2 0.538078 0.471120 2 0.458594 0.465796 2
