0 0.464542 0.130398 0.017698 0.029130 0 0 0 0 0 0 0 0 0 0 0 0
1 0.759393 0.443005 0.016620 0.030102 0 0 0 0 0 0 0 0 0 0 0 0
1 0.555375 0.800519 0.016625 0.030111 0 0 0 0 0 0 0 0 0 0 0 0
0 0.143458 0.425731 0.017698 0.029130 0 0 0 0 0 0 0 0 0 0 0 0
0 0.620953 0.126944 0.017698 0.029130 0 0 0 0 0 0 0 0 0 0 0 0
0 0.751135 0.363556 0.017698 0.029130 0 0 0 0 0 0 0 0 0 0 0 0
0 0.563635 0.233157 0.017698 0.029130 0 0 0 0 0 0 0 0 0 0 0 0
0 0.643781 0.877370 0.017698 0.029130 0 0 0 0 0 0 0 0 0 0 0 0
0 0.361563 0.269426 0.017698 0.029130 0 0 0 0 0 0 0 0 0 0 0 0
1 0.366419 0.500861 0.016620 0.030111 0 0 0 0 0 0 0 0 0 0 0 0
1 0.480570 0.532815 0.016620 0.030111 0 0 0 0 0 0 0 0 0 0 0 0
1 0.549060 0.322106 0.016620 0.030102 0 0 0 0 0 0 0 0 0 0 0 0
2 0.462628 0.503324 0.074214 0.127981 0.464099 0.439333 2 0.462313 0.567315 2 0.499734 0.506935 2 0.425521 0.500694 2
