0 0.148318 0.118306 0.017698 0.029130 0 0 0 0 0 0 0 0 0 0 0 0
0 0.174062 0.135574 0.017698 0.029130 0 0 0 0 0 0 0 0 0 0 0 0
0 0.188635 0.123491 0.017698 0.029130 0 0 0 0 0 0 0 0 0 0 0 0
0 0.198833 0.084630 0.017698 0.029130 0 0 0 0 0 0 0 0 0 0 0 0
0 0.166776 0.322972 0.017698 0.029130 0 0 0 0 0 0 0 0 0 0 0 0
0 0.577719 0.530222 0.017698 0.029130 0 0 0 0 0 0 0 0 0 0 0 0
0 0.625323 0.827287 0.017698 0.029130 0 0 0 0 0 0 0 0 0 0 0 0
1 0.445112 0.592403 0.016620 0.030102 0 0 0 0 0 0 0 0 0 0 0 0
1 0.560719 0.868741 0.016625 0.030111 0 0 0 0 0 0 0 0 0 0 0 0
1 0.890060 0.134718 0.016620 0.030102 0 0 0 0 0 0 0 0 0 0 0 0
1 0.685070 0.149394 0.016620 0.030102 0 0 0 0 0 0 0 0 0 0 0 0
1 0.176490 0.091537 0.016625 0.030111 0 0 0 0 0 0 0 0 0 0 0 0
2 0.462628 0.503324 0.074214 0.127981 0.464099 0.439333 2 0.462313 0.567315 2 0.499734 0.506935 2 0.425521 0.500694 2
