1 0.139570 0.841968 0.016620 0.030102 0 0 0 0 0 0 0 0 0 0 0 0
1 0.554404 0.800519 0.016620 0.030111 0 0 0 0 0 0 0 0 0 0 0 0
1 0.517487 0.525042 0.016620 0.030102 0 0 0 0 0 0 0 0 0 0 0 0
1 0.478143 0.534542 0.016620 0.030102 0 0 0 0 0 0 0 0 0 0 0 0
1 0.458227 0.617444 0.016620 0.030111 0 0 0 0 0 0 0 0 0 0 0 0
0 0.677297 0.181343 0.017698 0.029130 0 0 0 0 0 0 0 0 0 0 0 0
0 0.162891 0.084630 0.017698 0.029130 0 0 0 0 0 0 0 0 0 0 0 0
0 0.133260 0.765111 0.017698 0.029130 0 0 0 0 0 0 0 0 0 0 0 0
0 0.102172 0.514676 0.017698 0.029130 0 0 0 0 0 0 0 0 0 0 0 0
0 0.243521 0.888602 0.017698 0.029130 0 0 0 0 0 0 0 0 0 0 0 0
0 0.367391 0.799657 0.017698 0.029130 0 0 0 0 0 0 0 0 0 0 0 0
0 0.268297 0.499139 0.017698 0.029130 0 0 0 0 0 0 0 0 0 0 0 0
2 0.462628 0.503324 0.074214 0.127981 0.464099 0.439333 2 0.462313 0.567315 2 0.499734 0.506935 2 0.425521 0.500694 2
