0 0.160458 0.082037 0.017698 0.029130 0 0 0 0 0 0 0 0 0 0 0 0
1 0.411594 0.643352 0.016625 0.030111 0 0 0 0 0 0 0 0 0 0 0 0
0 0.546630 0.342833 0.017698 0.029130 0 0 0 0 0 0 0 0 0 0 0 0
1 0.432966 0.448185 0.016620 0.030111 0 0 0 0 0 0 0 0 0 0 0 0
1 0.280440 0.753884 0.016620 0.030102 0 0 0 0 0 0 0 0 0 0 0 0
1 0.240607 0.717616 0.016620 0.030102 0 0 0 0 0 0 0 0 0 0 0 0
0 0.540802 0.427463 0.017698 0.029130 0 0 0 0 0 0 0 0 0 0 0 0
0 0.350875 0.189981 0.017698 0.029130 0 0 0 0 0 0 0 0 0 0 0 0
1 0.800680 0.031949 0.016620 0.030102 0 0 0 0 0 0 0 0 0 0 0 0
0 0.311042 0.192574 0.017698 0.029130 0 0 0 0 0 0 0 0 0 0 0 0
0 0.144917 0.101037 0.017698 0.029130 0 0 0 0 0 0 0 0 0 0 0 0
0 0.277104 0.897306 0.017698 0.029130 0 0 0 0 0 0 0 0 0 0 0 0
2 0.456888 0.500843 0.074214 0.127981 0.460391 0.436852 2 0.456911 0.564833 2 0.493995 0.504250 2 0.419781 0.498009 2
