0 0.340281 0.533333 0.018375 0.031111 0 0 0 0 0 0 0 0 0 0 0 0
1 0.505047 0.838477 0.017146 0.030176 0 0 0 0 0 0 0 0 0 0 0 0
1 0.740695 0.393931 0.017568 0.029157 0 0 0 0 0 0 0 0 0 0 0 0
1 0.564534 0.144060 0.018036 0.029991 0 0 0 0 0 0 0 0 0 0 0 0
1 0.323604 0.318347 0.017333 0.029565 0 0 0 0 0 0 0 0 0 0 0 0
1 0.607286 0.600907 0.017802 0.030815 0 0 0 0 0 0 0 0 0 0 0 0
1 0.623099 0.276074 0.016167 0.026648 0 0 0 0 0 0 0 0 0 0 0 0
1 0.666552 0.102204 0.016865 0.029574 0 0 0 0 0 0 0 0 0 0 0 0
1 0.683419 0.439116 0.017339 0.029565 0 0 0 0 0 0 0 0 0 0 0 0
2 0.498034 0.469236 0.080089 0.139380 0.498552 0.399546 2 0.497135 0.538926 2 0.538078 0.471120 2 0.457990 0.466065 2
