0 0.348448 0.439551 0.017698 0.029120 0 0 0 0 0 0 0 0 0 0 0 0
0 0.133260 0.782380 0.017698 0.029130 0 0 0 0 0 0 0 0 0 0 0 0
0 0.148318 0.835060 0.017698 0.029120 0 0 0 0 0 0 0 0 0 0 0 0
1 0.485914 0.635579 0.016620 0.030102 0 0 0 0 0 0 0 0 0 0 0 0
1 0.478143 0.531949 0.016620 0.030102 0 0 0 0 0 0 0 0 0 0 0 0
0 0.470854 0.299657 0.017698 0.029130 0 0 0 0 0 0 0 0 0 0 0 0
1 0.556346 0.797926 0.016620 0.030111 0 0 0 0 0 0 0 0 0 0 0 0
1 0.317357 0.087218 0.016620 0.030102 0 0 0 0 0 0 0 0 0 0 0 0
1 0.190091 0.113125 0.016620 0.030102 0 0 0 0 0 0 0 0 0 0 0 0
0 0.499516 0.272019 0.017698 0.029130 0 0 0 0 0 0 0 0 0 0 0 0
0 0.510687 0.180481 0.017698 0.029130 0 0 0 0 0 0 0 0 0 0 0 0
0 0.505828 0.571676 0.017698 0.029130 0 0 0 0 0 0 0 0 0 0 0 0
0 0.644266 0.877370 0.017698 0.029130 0 0 0 0 0 0 0 0 0 0 0 0
2 0.462628 0.503324 0.074214 0.127981 0.464099 0.439333 2 0.462313 0.567315 2 0.499734 0.506935 2 0.425521 0.500694 2
