1 0.444625 0.189981 0.016625 0.030111 0 0 0 0 0 0 0 0 0 0 0 0
0 0.433474 0.213204 0.017698 0.029130 0 0 0 0 0 0 0 0 0 0 0 0
0 0.633307 0.197648 0.017698 0.029130 0 0 0 0 0 0 0 0 0 0 0 0
0 0.723948 0.103074 0.017698 0.029130 0 0 0 0 0 0 0 0 0 0 0 0
0 0.296109 0.290037 0.017698 0.029130 0 0 0 0 0 0 0 0 0 0 0 0
0 0.352974 0.541181 0.017698 0.029120 0 0 0 0 0 0 0 0 0 0 0 0
0 0.838104 0.916389 0.017698 0.029130 0 0 0 0 0 0 0 0 0 0 0 0
1 0.574805 0.910190 0.016620 0.030102 0 0 0 0 0 0 0 0 0 0 0 0
1 0.284812 0.727116 0.016625 0.030102 0 0 0 0 0 0 0 0 0 0 0 0
1 0.302784 0.664074 0.016620 0.030111 0 0 0 0 0 0 0 0 0 0 0 0
1 0.315414 0.361829 0.016620 0.030102 0 0 0 0 0 0 0 0 0 0 0 0
2 0.538112 0.497579 0.075391 0.132861 0.540687 0.431148 2 0.537859 0.564009 2 0.575807 0.499917 2 0.500417 0.493907 2
