1 0.421794 0.439551 0.016620 0.030102 0 0 0 0 0 0 0 0 0 0 0 0
1 0.775906 0.641625 0.016625 0.030102 0 0 0 0 0 0 0 0 0 0 0 0
1 0.269268 0.090671 0.016620 0.030102 0 0 0 0 0 0 0 0 0 0 0 0
0 0.666125 0.228843 0.017698 0.029130 0 0 0 0 0 0 0 0 0 0 0 0
0 0.433453 0.092398 0.017698 0.029130 0 0 0 0 0 0 0 0 0 0 0 0
0 0.408193 0.467185 0.017698 0.029130 0 0 0 0 0 0 0 0 0 0 0 0
0 0.187177 0.758204 0.017698 0.029130 0 0 0 0 0 0 0 0 0 0 0 0
0 0.704500 0.772019 0.017698 0.029130 0 0 0 0 0 0 0 0 0 0 0 0
1 0.655924 0.155440 0.016620 0.030102 0 0 0 0 0 0 0 0 0 0 0 0
2 0.462628 0.503324 0.074214 0.127981 0.464099 0.439333 2 0.462313 0.567315 2 0.499734 0.506935 2 0.425521 0.500694 2
