1 0.664326 0.741537 0.017245 0.031778 0 0 0 0 0 0 0 0 0 0 0 0
0 0.261482 0.610194 0.019745 0.032259 0 0 0 0 0 0 0 0 0 0 0 0
0 0.535164 0.563361 0.017672 0.031593 0 0 0 0 0 0 0 0 0 0 0 0
1 0.819716 0.564801 0.019443 0.027324 0 0 0 0 0 0 0 0 0 0 0 0
1 0.802625 0.887324 0.017875 0.032333 0 0 0 0 0 0 0 0 0 0 0 0
1 0.766247 0.803139 0.019755 0.031222 0 0 0 0 0 0 0 0 0 0 0 0
1 0.775969 0.646199 0.018500 0.029546 0 0 0 0 0 0 0 0 0 0 0 0
1 0.729086 0.560620 0.018818 0.030111 0 0 0 0 0 0 0 0 0 0 0 0
1 0.591883 0.519644 0.016620 0.028435 0 0 0 0 0 0 0 0 0 0 0 0
1 0.467854 0.514903 0.017563 0.028991 0 0 0 0 0 0 0 0 0 0 0 0
1 0.323599 0.892620 0.017562 0.031778 0 0 0 0 0 0 0 0 0 0 0 0
1 0.296943 0.752125 0.017563 0.029546 0 0 0 0 0 0 0 0 0 0 0 0
1 0.262445 0.440199 0.018193 0.030102 0 0 0 0 0 0 0 0 0 0 0 0
2 0.498034 0.469236 0.080089 0.139380 0.498552 0.399546 2 0.497135 0.538926 2 0.538078 0.471120 2 0.457990 0.466065 2
