1 0.593003 0.220699 0.016943 0.029843 0 0 0 0 0 0 0 0 0 0 0 0
1 0.383315 0.072824 0.017089 0.033074 0 0 0 0 0 0 0 0 0 0 0 0
1 0.798898 0.478801 0.019245 0.030491 0 0 0 0 0 0 0 0 0 0 0 0
1 0.507721 0.840597 0.016401 0.030954 0 0 0 0 0 0 0 0 0 0 0 0
1 0.725711 0.234681 0.017995 0.028769 0 0 0 0 0 0 0 0 0 0 0 0
1 0.723367 0.110463 0.019359 0.030926 0 0 0 0 0 0 0 0 0 0 0 0
1 0.705521 0.108444 0.018146 0.030111 0 0 0 0 0 0 0 0 0 0 0 0
1 0.662875 0.137481 0.016635 0.029574 0 0 0 0 0 0 0 0 0 0 0 0
0 0.373688 0.678954 0.018271 0.031648 0 0 0 0 0 0 0 0 0 0 0 0
2 0.498034 0.469236 0.080089 0.139380 0.498552 0.399546 2 0.497135 0.538926 2 0.538078 0.471120 2 0.457990 0.466065 2
