0 0.267146 0.811704 0.017698 0.029130 0 0 0 0 0 0 0 0 0 0 0 0
0 0.301292 0.509907 0.017698 0.029130 0 0 0 0 0 0 0 0 0 0 0 0
0 0.328417 0.469611 0.017698 0.029130 0 0 0 0 0 0 0 0 0 0 0 0
0 0.572568 0.666102 0.017698 0.029130 0 0 0 0 0 0 0 0 0 0 0 0
0 0.565615 0.613417 0.017698 0.029130 0 0 0 0 0 0 0 0 0 0 0 0
0 0.277005 0.233583 0.017698 0.029130 0 0 0 0 0 0 0 0 0 0 0 0
0 0.301536 0.151111 0.017698 0.029130 0 0 0 0 0 0 0 0 0 0 0 0
1 0.257125 0.882556 0.016625 0.030111 0 0 0 0 0 0 0 0 0 0 0 0
1 0.397992 0.867875 0.016620 0.030102 0 0 0 0 0 0 0 0 0 0 0 0
1 0.387305 0.122625 0.016620 0.030102 0 0 0 0 0 0 0 0 0 0 0 0
1 0.573836 0.159759 0.016620 0.030111 0 0 0 0 0 0 0 0 0 0 0 0
1 0.527687 0.194301 0.016625 0.030102 0 0 0 0 0 0 0 0 0 0 0 0
2 0.538112 0.497579 0.075391 0.132861 0.540687 0.431148 2 0.537859 0.564009 2 0.575807 0.499917 2 0.500417 0.493907 2
