1 0.347654 0.160875 0.017245 0.031454 0 0 0 0 0 0 0 0 0 0 0 0
0 0.341898 0.669056 0.018005 0.032037 0 0 0 0 0 0 0 0 0 0 0 0
1 0.507841 0.841046 0.017693 0.032259 0 0 0 0 0 0 0 0 0 0 0 0
1 0.688115 0.553806 0.017500 0.030481 0 0 0 0 0 0 0 0 0 0 0 0
1 0.797393 0.294361 0.019078 0.029241 0 0 0 0 0 0 0 0 0 0 0 0
1 0.797479 0.260296 0.018198 0.029556 0 0 0 0 0 0 0 0 0 0 0 0
1 0.749534 0.196370 0.017151 0.029241 0 0 0 0 0 0 0 0 0 0 0 0
1 0.644370 0.164486 0.017500 0.027065 0 0 0 0 0 0 0 0 0 0 0 0
1 0.600099 0.215343 0.017146 0.029241 0 0 0 0 0 0 0 0 0 0 0 0
2 0.498034 0.469236 0.080089 0.139380 0.498552 0.399546 2 0.497135 0.538926 2 0.538078 0.471120 2 0.457990 0.466065 2
