1 0.286758 0.195491 0.016953 0.031611 0 0 0 0 0 0 0 0 0 0 0 0
1 0.796336 0.909769 0.019786 0.030833 0 0 0 0 0 0 0 0 0 0 0 0
1 0.669083 0.545250 0.016802 0.030352 0 0 0 0 0 0 0 0 0 0 0 0
1 0.370940 0.865681 0.016266 0.028435 0 0 0 0 0 0 0 0 0 0 0 0
0 0.485490 0.680556 0.017281 0.031333 0 0 0 0 0 0 0 0 0 0 0 0
0 0.464307 0.664287 0.017396 0.031333 0 0 0 0 0 0 0 0 0 0 0 0
1 0.309549 0.913866 0.017620 0.031324 0 0 0 0 0 0 0 0 0 0 0 0
1 0.281904 0.868569 0.017620 0.030361 0 0 0 0 0 0 0 0 0 0 0 0
1 0.171141 0.393523 0.019594 0.029028 0 0 0 0 0 0 0 0 0 0 0 0
1 0.411055 0.732449 0.017349 0.027954 0 0 0 0 0 0 0 0 0 0 0 0
1 0.395875 0.668843 0.016260 0.028907 0 0 0 0 0 0 0 0 0 0 0 0
1 0.515406 0.736306 0.015719 0.028907 0 0 0 0 0 0 0 0 0 0 0 0
1 0.618943 0.908324 0.016260 0.028907 0 0 0 0 0 0 0 0 0 0 0 0
2 0.498034 0.469236 0.080089 0.139380 0.498552 0.399546 2 0.497135 0.538926 2 0.538078 0.471120 2 0.457990 0.466065 2
