1 0.175378 0.142333 0.018547 0.031426 0 0 0 0 0 0 0 0 0 0 0 0
1 0.192438 0.104069 0.018021 0.032657 0 0 0 0 0 0 0 0 0 0 0 0
1 0.247995 0.102671 0.018198 0.032972 0 0 0 0 0 0 0 0 0 0 0 0
0 0.195560 0.217208 0.019359 0.030917 0 0 0 0 0 0 0 0 0 0 0 0
1 0.551956 0.495005 0.018505 0.031231 0 0 0 0 0 0 0 0 0 0 0 0
1 0.522206 0.537065 0.018505 0.032074 0 0 0 0 0 0 0 0 0 0 0 0
1 0.513422 0.496671 0.016865 0.030398 0 0 0 0 0 0 0 0 0 0 0 0
1 0.482852 0.495630 0.017099 0.029148 0 0 0 0 0 0 0 0 0 0 0 0
1 0.277760 0.664708 0.019208 0.030824 0 0 0 0 0 0 0 0 0 0 0 0
1 0.819979 0.560102 0.020448 0.034185 0 0 0 0 0 0 0 0 0 0 0 0
1 0.707065 0.108856 0.018828 0.033472 0 0 0 0 0 0 0 0 0 0 0 0
1 0.623346 0.265426 0.018224 0.029148 0 0 0 0 0 0 0 0 0 0 0 0
1 0.534466 0.191097 0.016599 0.030231 0 0 0 0 0 0 0 0 0 0 0 0
2 0.498456 0.469944 0.080724 0.140444 0.499385 0.399722 2 0.497484 0.540167 2 0.538818 0.470954 2 0.458094 0.466657 2
