0 0.262271 0.812731 0.017698 0.029130 0 0 0 0 0 0 0 0 0 0 0 0
0 0.254536 0.137667 0.017698 0.029130 0 0 0 0 0 0 0 0 0 0 0 0
0 0.864313 0.422157 0.017698 0.029130 0 0 0 0 0 0 0 0 0 0 0 0
0 0.727818 0.591333 0.017698 0.029130 0 0 0 0 0 0 0 0 0 0 0 0
0 0.763005 0.878907 0.017698 0.029130 0 0 0 0 0 0 0 0 0 0 0 0
0 0.588292 0.520241 0.017698 0.029130 0 0 0 0 0 0 0 0 0 0 0 0
1 0.261982 0.861829 0.016620 0.030102 0 0 0 0 0 0 0 0 0 0 0 0
1 0.321729 0.750431 0.016625 0.030102 0 0 0 0 0 0 0 0 0 0 0 0
1 0.383904 0.848014 0.016620 0.030102 0 0 0 0 0 0 0 0 0 0 0 0
1 0.402849 0.857514 0.016625 0.030102 0 0 0 0 0 0 0 0 0 0 0 0
2 0.538112 0.497579 0.075391 0.132861 0.540687 0.431148 2 0.537859 0.564009 2 0.575807 0.499917 2 0.500417 0.493907 2
