1 0.742875 0.417097 0.016625 0.030102 0 0 0 0 0 0 0 0 0 0 0 0
1 0.635523 0.791019 0.016620 0.030111 0 0 0 0 0 0 0 0 0 0 0 0
1 0.393622 0.855787 0.016620 0.030111 0 0 0 0 0 0 0 0 0 0 0 0
1 0.261497 0.860102 0.016620 0.030111 0 0 0 0 0 0 0 0 0 0 0 0
0 0.636813 0.698806 0.017698 0.029130 0 0 0 0 0 0 0 0 0 0 0 0
0 0.271219 0.117722 0.017698 0.029130 0 0 0 0 0 0 0 0 0 0 0 0
0 0.262146 0.812861 0.017698 0.029130 0 0 0 0 0 0 0 0 0 0 0 0
0 0.747495 0.381769 0.017698 0.029130 0 0 0 0 0 0 0 0 0 0 0 0
0 0.686583 0.521537 0.017698 0.029130 0 0 0 0 0 0 0 0 0 0 0 0
0 0.625172 0.811593 0.017698 0.029130 0 0 0 0 0 0 0 0 0 0 0 0
0 0.710547 0.911167 0.017698 0.029130 0 0 0 0 0 0 0 0 0 0 0 0
0 0.735854 0.897074 0.017698 0.029130 0 0 0 0 0 0 0 0 0 0 0 0
1 0.775906 0.746977 0.016625 0.030102 0 0 0 0 0 0 0 0 0 0 0 0
2 0.537359 0.495435 0.075385 0.132870 0.539938 0.429000 2 0.537109 0.561870 2 0.575052 0.497769 2 0.499667 0.491759 2
