0 0.515687 0.498907 0.017698 0.029130 0 0 0 0 0 0 0 0 0 0 0 0
0 0.367667 0.801083 0.017698 0.029130 0 0 0 0 0 0 0 0 0 0 0 0
1 0.517003 0.525042 0.016620 0.030102 0 0 0 0 0 0 0 0 0 0 0 0
1 0.478628 0.533681 0.016620 0.030102 0 0 0 0 0 0 0 0 0 0 0 0
1 0.457740 0.613986 0.016625 0.030102 0 0 0 0 0 0 0 0 0 0 0 0
1 0.555375 0.800519 0.016625 0.030111 0 0 0 0 0 0 0 0 0 0 0 0
1 0.259555 0.118306 0.016620 0.030111 0 0 0 0 0 0 0 0 0 0 0 0
0 0.499693 0.204546 0.017698 0.029130 0 0 0 0 0 0 0 0 0 0 0 0
0 0.507219 0.106977 0.017698 0.029120 0 0 0 0 0 0 0 0 0 0 0 0
0 0.161000 0.084120 0.017698 0.029130 0 0 0 0 0 0 0 0 0 0 0 0
0 0.759667 0.478843 0.017698 0.029130 0 0 0 0 0 0 0 0 0 0 0 0
0 0.606630 0.443713 0.017698 0.029130 0 0 0 0 0 0 0 0 0 0 0 0
0 0.640812 0.445944 0.017698 0.029130 0 0 0 0 0 0 0 0 0 0 0 0
2 0.462628 0.503324 0.074214 0.127981 0.464099 0.439333 2 0.462313 0.567315 2 0.499734 0.506935 2 0.425521 0.500694 2
