0 0.538669 0.571704 0.017995 0.030648 0 0 0 0 0 0 0 0 0 0 0 0
0 0.777773 0.546023 0.018724 0.030491 0 0 0 0 0 0 0 0 0 0 0 0
1 0.733411 0.365046 0.018500 0.030667 0 0 0 0 0 0 0 0 0 0 0 0
1 0.819651 0.639620 0.017875 0.032333 0 0 0 0 0 0 0 0 0 0 0 0
1 0.719143 0.819144 0.018193 0.033454 0 0 0 0 0 0 0 0 0 0 0 0
1 0.590724 0.748333 0.017875 0.031222 0 0 0 0 0 0 0 0 0 0 0 0
1 0.544154 0.602546 0.016932 0.030667 0 0 0 0 0 0 0 0 0 0 0 0
1 0.409461 0.895241 0.016620 0.032889 0 0 0 0 0 0 0 0 0 0 0 0
1 0.457911 0.659412 0.017562 0.029546 0 0 0 0 0 0 0 0 0 0 0 0
1 0.479083 0.493829 0.017875 0.029546 0 0 0 0 0 0 0 0 0 0 0 0
1 0.463716 0.293130 0.016620 0.031778 0 0 0 0 0 0 0 0 0 0 0 0
1 0.476258 0.200574 0.017245 0.031778 0 0 0 0 0 0 0 0 0 0 0 0
1 0.506208 0.117231 0.017563 0.032333 0 0 0 0 0 0 0 0 0 0 0 0
1 0.194174 0.273611 0.019443 0.030667 0 0 0 0 0 0 0 0 0 0 0 0
2 0.498034 0.469236 0.080089 0.139380 0.498552 0.399546 2 0.497135 0.538926 2 0.538078 0.471120 2 0.457990 0.466065 2
