1 0.577721 0.318653 0.016620 0.030102 0 0 0 0 0 0 0 0 0 0 0 0
1 0.594721 0.259069 0.016620 0.030102 0 0 0 0 0 0 0 0 0 0 0 0
1 0.383419 0.188255 0.016620 0.030102 0 0 0 0 0 0 0 0 0 0 0 0
1 0.394591 0.855787 0.016620 0.030111 0 0 0 0 0 0 0 0 0 0 0 0
1 0.261497 0.862694 0.016620 0.030111 0 0 0 0 0 0 0 0 0 0 0 0
0 0.865057 0.148968 0.017698 0.029120 0 0 0 0 0 0 0 0 0 0 0 0
0 0.295458 0.144769 0.017698 0.029130 0 0 0 0 0 0 0 0 0 0 0 0
0 0.287422 0.224528 0.017698 0.029130 0 0 0 0 0 0 0 0 0 0 0 0
0 0.369250 0.226630 0.017698 0.029130 0 0 0 0 0 0 0 0 0 0 0 0
0 0.314750 0.246120 0.017698 0.029130 0 0 0 0 0 0 0 0 0 0 0 0
0 0.330948 0.361000 0.017698 0.029130 0 0 0 0 0 0 0 0 0 0 0 0
0 0.377516 0.516676 0.017698 0.029130 0 0 0 0 0 0 0 0 0 0 0 0
0 0.263125 0.813019 0.017698 0.029130 0 0 0 0 0 0 0 0 0 0 0 0
2 0.538112 0.497579 0.075391 0.132861 0.540687 0.431148 2 0.537859 0.564009 2 0.575807 0.499917 2 0.500417 0.493907 2
