0 0.639323 0.764005 0.017698 0.029120 0 0 0 0 0 0 0 0 0 0 0 0
0 0.534521 0.848731 0.017698 0.029130 0 0 0 0 0 0 0 0 0 0 0 0
0 0.434688 0.766417 0.017698 0.029130 0 0 0 0 0 0 0 0 0 0 0 0
0 0.378219 0.872019 0.017698 0.029130 0 0 0 0 0 0 0 0 0 0 0 0
0 0.245865 0.659199 0.017698 0.029120 0 0 0 0 0 0 0 0 0 0 0 0
0 0.849089 0.560324 0.017698 0.029130 0 0 0 0 0 0 0 0 0 0 0 0
0 0.356021 0.121843 0.017698 0.029130 0 0 0 0 0 0 0 0 0 0 0 0
1 0.521859 0.466319 0.016625 0.030102 0 0 0 0 0 0 0 0 0 0 0 0
1 0.633096 0.500000 0.016620 0.030111 0 0 0 0 0 0 0 0 0 0 0 0
1 0.444138 0.198616 0.016620 0.030102 0 0 0 0 0 0 0 0 0 0 0 0
1 0.437339 0.642486 0.016625 0.030102 0 0 0 0 0 0 0 0 0 0 0 0
1 0.255180 0.557856 0.016620 0.030102 0 0 0 0 0 0 0 0 0 0 0 0
2 0.538112 0.497579 0.075391 0.132861 0.540687 0.431148 2 0.537859 0.564009 2 0.575807 0.499917 2 0.500417 0.493907 2
