1 0.786107 0.489375 0.018422 0.028787 0 0 0 0 0 0 0 0 0 0 0 0
0 0.373474 0.649366 0.017323 0.029861 0 0 0 0 0 0 0 0 0 0 0 0
1 0.728102 0.241454 0.016786 0.029574 0 0 0 0 0 0 0 0 0 0 0 0
1 0.697474 0.144931 0.016031 0.032269 0 0 0 0 0 0 0 0 0 0 0 0
1 0.507315 0.840852 0.016807 0.030593 0 0 0 0 0 0 0 0 0 0 0 0
1 0.383359 0.072741 0.016333 0.031463 0 0 0 0 0 0 0 0 0 0 0 0
1 0.682128 0.152463 0.017391 0.029574 0 0 0 0 0 0 0 0 0 0 0 0
1 0.656719 0.139556 0.017698 0.029574 0 0 0 0 0 0 0 0 0 0 0 0
1 0.591156 0.216991 0.016635 0.029574 0 0 0 0 0 0 0 0 0 0 0 0
2 0.498034 0.469236 0.080089 0.139380 0.498552 0.399546 2 0.497135 0.538926 2 0.538078 0.471120 2 0.457990 0.466065 2
