1 0.653755 0.577231 0.017208 0.028796 0 0 0 0 0 0 0 0 0 0 0 0
1 0.751828 0.360194 0.016396 0.027000 0 0 0 0 0 0 0 0 0 0 0 0
1 0.818135 0.310704 0.018625 0.028796 0 0 0 0 0 0 0 0 0 0 0 0
1 0.721966 0.148556 0.017818 0.030593 0 0 0 0 0 0 0 0 0 0 0 0
1 0.625695 0.209565 0.016401 0.028074 0 0 0 0 0 0 0 0 0 0 0 0
1 0.606461 0.202005 0.017214 0.027361 0 0 0 0 0 0 0 0 0 0 0 0
0 0.325393 0.616014 0.018630 0.031676 0 0 0 0 0 0 0 0 0 0 0 0
1 0.336781 0.225403 0.017615 0.030231 0 0 0 0 0 0 0 0 0 0 0 0
1 0.506482 0.837852 0.016974 0.032037 0 0 0 0 0 0 0 0 0 0 0 0
2 0.497664 0.471218 0.080089 0.139380 0.498177 0.401528 2 0.496766 0.540907 2 0.537708 0.473102 2 0.457620 0.468046 2
