1 0.395076 0.544042 0.016620 0.030102 0 0 0 0 0 0 0 0 0 0 0 0
1 0.450940 0.790153 0.016620 0.030102 0 0 0 0 0 0 0 0 0 0 0 0
1 0.555862 0.797926 0.016620 0.030111 0 0 0 0 0 0 0 0 0 0 0 0
1 0.650096 0.105352 0.016620 0.030111 0 0 0 0 0 0 0 0 0 0 0 0
1 0.889570 0.133852 0.016620 0.030111 0 0 0 0 0 0 0 0 0 0 0 0
0 0.276917 0.082093 0.017698 0.029130 0 0 0 0 0 0 0 0 0 0 0 0
0 0.655932 0.130000 0.017698 0.029130 0 0 0 0 0 0 0 0 0 0 0 0
0 0.326745 0.470259 0.017698 0.029130 0 0 0 0 0 0 0 0 0 0 0 0
0 0.349698 0.371148 0.017698 0.029130 0 0 0 0 0 0 0 0 0 0 0 0
0 0.414354 0.438194 0.017698 0.029130 0 0 0 0 0 0 0 0 0 0 0 0
0 0.576693 0.533148 0.017698 0.029130 0 0 0 0 0 0 0 0 0 0 0 0
0 0.642990 0.877556 0.017698 0.029130 0 0 0 0 0 0 0 0 0 0 0 0
2 0.462628 0.503324 0.074214 0.127981 0.464099 0.439333 2 0.462313 0.567315 2 0.499734 0.506935 2 0.425521 0.500694 2
