1 0.507305 0.360972 0.016307 0.032333 0 0 0 0 0 0 0 0 0 0 0 0
0 0.600448 0.260657 0.017844 0.032537 0 0 0 0 0 0 0 0 0 0 0 0
0 0.548044 0.572944 0.017693 0.031185 0 0 0 0 0 0 0 0 0 0 0 0
1 0.469255 0.508991 0.017417 0.029667 0 0 0 0 0 0 0 0 0 0 0 0
1 0.641997 0.151907 0.017245 0.032333 0 0 0 0 0 0 0 0 0 0 0 0
1 0.518122 0.210167 0.015995 0.030667 0 0 0 0 0 0 0 0 0 0 0 0
1 0.513419 0.161384 0.016620 0.030102 0 0 0 0 0 0 0 0 0 0 0 0
1 0.513266 0.075250 0.017563 0.031778 0 0 0 0 0 0 0 0 0 0 0 0
1 0.460628 0.116028 0.016401 0.031944 0 0 0 0 0 0 0 0 0 0 0 0
1 0.243096 0.093306 0.016401 0.031944 0 0 0 0 0 0 0 0 0 0 0 0
1 0.389245 0.556403 0.017052 0.030324 0 0 0 0 0 0 0 0 0 0 0 0
1 0.819583 0.639935 0.019229 0.030963 0 0 0 0 0 0 0 0 0 0 0 0
1 0.455828 0.716704 0.017417 0.030963 0 0 0 0 0 0 0 0 0 0 0 0
1 0.247917 0.731213 0.018146 0.031611 0 0 0 0 0 0 0 0 0 0 0 0
2 0.498034 0.469236 0.080089 0.139380 0.498552 0.399546 2 0.497135 0.538926 2 0.538078 0.471120 2 0.457990 0.466065 2
