1 0.458227 0.895509 0.016620 0.030111 0 0 0 0 0 0 0 0 0 0 0 0
1 0.624839 0.076856 0.016625 0.030102 0 0 0 0 0 0 0 0 0 0 0 0
1 0.487372 0.211569 0.016620 0.030102 0 0 0 0 0 0 0 0 0 0 0 0
1 0.482513 0.512088 0.016620 0.030102 0 0 0 0 0 0 0 0 0 0 0 0
1 0.563148 0.731431 0.016620 0.030102 0 0 0 0 0 0 0 0 0 0 0 0
1 0.576747 0.792745 0.016620 0.030102 0 0 0 0 0 0 0 0 0 0 0 0
1 0.626294 0.776338 0.016620 0.030102 0 0 0 0 0 0 0 0 0 0 0 0
1 0.810396 0.860968 0.016625 0.030102 0 0 0 0 0 0 0 0 0 0 0 0
1 0.278497 0.553542 0.016620 0.030102 0 0 0 0 0 0 0 0 0 0 0 0
1 0.235266 0.523315 0.016625 0.030111 0 0 0 0 0 0 0 0 0 0 0 0
1 0.214865 0.512088 0.016625 0.030102 0 0 0 0 0 0 0 0 0 0 0 0
1 0.233320 0.621759 0.016620 0.030111 0 0 0 0 0 0 0 0 0 0 0 0
0 0.535807 0.563824 0.017698 0.029130 0 0 0 0 0 0 0 0 0 0 0 0
0 0.400557 0.915093 0.017698 0.029130 0 0 0 0 0 0 0 0 0 0 0 0
2 0.498312 0.469282 0.075385 0.131472 0.498016 0.403546 2 0.498062 0.535019 2 0.536005 0.470917 2 0.460620 0.464907 2
