0 0.800690 0.355787 0.013828 0.029130 0 0 0 0 0 0 0 0 0 0 0 0
0 0.436365 0.446463 0.017698 0.029130 0 0 0 0 0 0 0 0 0 0 0 0
1 0.425680 0.089810 0.016620 0.030102 0 0 0 0 0 0 0 0 0 0 0 0
1 0.895404 0.089810 0.016620 0.030102 0 0 0 0 0 0 0 0 0 0 0 0
1 0.279469 0.753884 0.016625 0.030102 0 0 0 0 0 0 0 0 0 0 0 0
0 0.277526 0.897241 0.017698 0.029130 0 0 0 0 0 0 0 0 0 0 0 0
0 0.144917 0.101898 0.017698 0.029130 0 0 0 0 0 0 0 0 0 0 0 0
0 0.160458 0.080306 0.017698 0.029130 0 0 0 0 0 0 0 0 0 0 0 0
0 0.282385 0.241796 0.017698 0.029130 0 0 0 0 0 0 0 0 0 0 0 0
1 0.918716 0.551810 0.016620 0.030102 0 0 0 0 0 0 0 0 0 0 0 0
2 0.456549 0.500440 0.074214 0.128380 0.456885 0.436250 2 0.457135 0.564630 2 0.493656 0.504046 2 0.419443 0.497806 2
