1 0.607352 0.143352 0.016620 0.030111 0 0 0 0 0 0 0 0 0 0 0 0
1 0.738503 0.139032 0.016620 0.030102 0 0 0 0 0 0 0 0 0 0 0 0
0 0.745156 0.860278 0.017698 0.029130 0 0 0 0 0 0 0 0 0 0 0 0
0 0.737943 0.186796 0.017698 0.029130 0 0 0 0 0 0 0 0 0 0 0 0
1 0.528174 0.109671 0.016620 0.030102 0 0 0 0 0 0 0 0 0 0 0 0
1 0.744333 0.295338 0.016625 0.030102 0 0 0 0 0 0 0 0 0 0 0 0
0 0.421203 0.288824 0.017698 0.029130 0 0 0 0 0 0 0 0 0 0 0 0
0 0.235865 0.121569 0.017698 0.029120 0 0 0 0 0 0 0 0 0 0 0 0
0 0.312698 0.373009 0.017698 0.029130 0 0 0 0 0 0 0 0 0 0 0 0
0 0.187885 0.634481 0.017698 0.029130 0 0 0 0 0 0 0 0 0 0 0 0
2 0.462628 0.503324 0.074214 0.127981 0.464099 0.439333 2 0.462313 0.567315 2 0.499734 0.506935 2 0.425521 0.500694 2
