1 0.382448 0.101037 0.016625 0.030111 0 0 0 0 0 0 0 0 0 0 0 0
1 0.373706 0.139898 0.016620 0.030111 0 0 0 0 0 0 0 0 0 0 0 0
0 0.436854 0.343694 0.017698 0.029130 0 0 0 0 0 0 0 0 0 0 0 0
0 0.236724 0.857509 0.017698 0.029130 0 0 0 0 0 0 0 0 0 0 0 0
0 0.367875 0.803972 0.017698 0.029130 0 0 0 0 0 0 0 0 0 0 0 0
0 0.705958 0.698620 0.017698 0.029130 0 0 0 0 0 0 0 0 0 0 0 0
0 0.638437 0.447324 0.017698 0.029130 0 0 0 0 0 0 0 0 0 0 0 0
0 0.482026 0.360963 0.017698 0.029130 0 0 0 0 0 0 0 0 0 0 0 0
0 0.160458 0.082037 0.017698 0.029130 0 0 0 0 0 0 0 0 0 0 0 0
1 0.553919 0.797926 0.016620 0.030111 0 0 0 0 0 0 0 0 0 0 0 0
1 0.570919 0.464593 0.016620 0.030111 0 0 0 0 0 0 0 0 0 0 0 0
1 0.623867 0.231431 0.016620 0.030102 0 0 0 0 0 0 0 0 0 0 0 0
0 0.520885 0.176167 0.017698 0.029130 0 0 0 0 0 0 0 0 0 0 0 0
2 0.462628 0.503324 0.074214 0.127981 0.464099 0.439333 2 0.462313 0.567315 2 0.499734 0.506935 2 0.425521 0.500694 2
