0 0.164164 0.899181 0.018453 0.032806 0 0 0 0 0 0 0 0 0 0 0 0
0 0.547865 0.572713 0.017146 0.031426 0 0 0 0 0 0 0 0 0 0 0 0
1 0.791398 0.905699 0.018693 0.034157 0 0 0 0 0 0 0 0 0 0 0 0
1 0.732841 0.895315 0.018036 0.032296 0 0 0 0 0 0 0 0 0 0 0 0
1 0.163885 0.854810 0.018604 0.030657 0 0 0 0 0 0 0 0 0 0 0 0
1 0.469859 0.509319 0.016448 0.029546 0 0 0 0 0 0 0 0 0 0 0 0
1 0.533508 0.154773 0.017089 0.030917 0 0 0 0 0 0 0 0 0 0 0 0
1 0.516190 0.085944 0.017245 0.031463 0 0 0 0 0 0 0 0 0 0 0 0
1 0.350133 0.217148 0.016786 0.031185 0 0 0 0 0 0 0 0 0 0 0 0
1 0.329263 0.218491 0.017391 0.029574 0 0 0 0 0 0 0 0 0 0 0 0
1 0.324273 0.088630 0.018297 0.031185 0 0 0 0 0 0 0 0 0 0 0 0
1 0.249487 0.159074 0.018151 0.030111 0 0 0 0 0 0 0 0 0 0 0 0
1 0.214549 0.071023 0.019964 0.032528 0 0 0 0 0 0 0 0 0 0 0 0
1 0.175003 0.104361 0.019505 0.032537 0 0 0 0 0 0 0 0 0 0 0 0
2 0.498336 0.469236 0.079484 0.139380 0.498552 0.399546 2 0.497135 0.538926 2 0.538078 0.471120 2 0.458594 0.465796 2
