0 0.551130 0.533093 0.017698 0.029130 0 0 0 0 0 0 0 0 0 0 0 0
1 0.697216 0.335921 0.016620 0.030102 0 0 0 0 0 0 0 0 0 0 0 0
1 0.426164 0.089810 0.016620 0.030102 0 0 0 0 0 0 0 0 0 0 0 0
1 0.358159 0.691708 0.016620 0.030102 0 0 0 0 0 0 0 0 0 0 0 0
1 0.714701 0.272884 0.016620 0.030102 0 0 0 0 0 0 0 0 0 0 0 0
1 0.568492 0.251296 0.016620 0.030111 0 0 0 0 0 0 0 0 0 0 0 0
0 0.160776 0.084301 0.017698 0.029120 0 0 0 0 0 0 0 0 0 0 0 0
0 0.276859 0.898222 0.017698 0.029130 0 0 0 0 0 0 0 0 0 0 0 0
0 0.367281 0.803269 0.017698 0.029130 0 0 0 0 0 0 0 0 0 0 0 0
0 0.547349 0.343546 0.017698 0.029130 0 0 0 0 0 0 0 0 0 0 0 0
0 0.645651 0.458352 0.017698 0.029130 0 0 0 0 0 0 0 0 0 0 0 0
0 0.722026 0.542236 0.017698 0.029120 0 0 0 0 0 0 0 0 0 0 0 0
2 0.456435 0.500639 0.074214 0.127981 0.457901 0.436648 2 0.456120 0.564630 2 0.493542 0.504250 2 0.419328 0.498009 2
