1 0.365445 0.125218 0.016620 0.030102 0 0 0 0 0 0 0 0 0 0 0 0
1 0.524773 0.367875 0.016620 0.030102 0 0 0 0 0 0 0 0 0 0 0 0
1 0.738503 0.137306 0.016620 0.030111 0 0 0 0 0 0 0 0 0 0 0 0
0 0.746276 0.859241 0.017698 0.029130 0 0 0 0 0 0 0 0 0 0 0 0
0 0.238182 0.905870 0.017698 0.029130 0 0 0 0 0 0 0 0 0 0 0 0
0 0.154146 0.594130 0.017698 0.029130 0 0 0 0 0 0 0 0 0 0 0 0
0 0.340672 0.280657 0.017698 0.029130 0 0 0 0 0 0 0 0 0 0 0 0
0 0.234292 0.114852 0.017698 0.029130 0 0 0 0 0 0 0 0 0 0 0 0
0 0.737047 0.187389 0.017698 0.029130 0 0 0 0 0 0 0 0 0 0 0 0
2 0.462628 0.503324 0.074214 0.127981 0.464099 0.439333 2 0.462313 0.567315 2 0.499734 0.506935 2 0.425521 0.500694 2
