0 0.547935 0.572958 0.018297 0.031602 0 0 0 0 0 0 0 0 0 0 0 0
0 0.163786 0.898648 0.020115 0.032463 0 0 0 0 0 0 0 0 0 0 0 0
1 0.222953 0.071639 0.019594 0.032259 0 0 0 0 0 0 0 0 0 0 0 0
1 0.479305 0.106796 0.017057 0.031611 0 0 0 0 0 0 0 0 0 0 0 0
1 0.651474 0.157111 0.017417 0.031611 0 0 0 0 0 0 0 0 0 0 0 0
1 0.519581 0.209037 0.017057 0.028389 0 0 0 0 0 0 0 0 0 0 0 0
1 0.507245 0.360625 0.017781 0.029676 0 0 0 0 0 0 0 0 0 0 0 0
1 0.470414 0.508667 0.018141 0.031611 0 0 0 0 0 0 0 0 0 0 0 0
1 0.362104 0.580269 0.017781 0.030315 0 0 0 0 0 0 0 0 0 0 0 0
1 0.454268 0.714764 0.017057 0.032250 0 0 0 0 0 0 0 0 0 0 0 0
1 0.281917 0.769273 0.019229 0.030324 0 0 0 0 0 0 0 0 0 0 0 0
1 0.163445 0.855065 0.018870 0.030315 0 0 0 0 0 0 0 0 0 0 0 0
1 0.416531 0.914736 0.017781 0.033546 0 0 0 0 0 0 0 0 0 0 0 0
1 0.820198 0.639616 0.019594 0.031602 0 0 0 0 0 0 0 0 0 0 0 0
2 0.498336 0.469236 0.079484 0.139380 0.498552 0.399546 2 0.497135 0.538926 2 0.538078 0.471120 2 0.458594 0.465796 2
