1 0.602492 0.133852 0.016620 0.030111 0 0 0 0 0 0 0 0 0 0 0 0
1 0.612208 0.878236 0.016625 0.030102 0 0 0 0 0 0 0 0 0 0 0 0
0 0.723052 0.765843 0.017698 0.029130 0 0 0 0 0 0 0 0 0 0 0 0
0 0.697135 0.849704 0.017698 0.029130 0 0 0 0 0 0 0 0 0 0 0 0
0 0.672031 0.530806 0.017698 0.029130 0 0 0 0 0 0 0 0 0 0 0 0
0 0.698557 0.489417 0.017698 0.029130 0 0 0 0 0 0 0 0 0 0 0 0
0 0.434547 0.386472 0.017698 0.029130 0 0 0 0 0 0 0 0 0 0 0 0
0 0.427458 0.334287 0.017698 0.029130 0 0 0 0 0 0 0 0 0 0 0 0
0 0.732698 0.187685 0.017698 0.029130 0 0 0 0 0 0 0 0 0 0 0 0
1 0.427138 0.840241 0.016620 0.030111 0 0 0 0 0 0 0 0 0 0 0 0
1 0.470854 0.808292 0.016625 0.030102 0 0 0 0 0 0 0 0 0 0 0 0
1 0.741904 0.117444 0.016620 0.030111 0 0 0 0 0 0 0 0 0 0 0 0
2 0.462628 0.503324 0.074214 0.127981 0.464099 0.439333 2 0.462313 0.567315 2 0.499734 0.506935 2 0.425521 0.500694 2
