0 0.863365 0.149028 0.017698 0.029130 0 0 0 0 0 0 0 0 0 0 0 0
0 0.356354 0.121759 0.017698 0.029130 0 0 0 0 0 0 0 0 0 0 0 0
1 0.443654 0.200347 0.016620 0.030102 0 0 0 0 0 0 0 0 0 0 0 0
1 0.561206 0.315199 0.016620 0.030102 0 0 0 0 0 0 0 0 0 0 0 0
1 0.520888 0.465458 0.016620 0.030102 0 0 0 0 0 0 0 0 0 0 0 0
1 0.783680 0.802245 0.016620 0.030102 0 0 0 0 0 0 0 0 0 0 0 0
1 0.776878 0.922282 0.016620 0.030102 0 0 0 0 0 0 0 0 0 0 0 0
0 0.525719 0.715375 0.017698 0.029120 0 0 0 0 0 0 0 0 0 0 0 0
0 0.666839 0.533250 0.017698 0.029130 0 0 0 0 0 0 0 0 0 0 0 0
0 0.468224 0.454269 0.017698 0.029130 0 0 0 0 0 0 0 0 0 0 0 0
0 0.485474 0.818056 0.017698 0.029130 0 0 0 0 0 0 0 0 0 0 0 0
0 0.455943 0.818056 0.017698 0.029130 0 0 0 0 0 0 0 0 0 0 0 0
0 0.867021 0.219185 0.017698 0.029130 0 0 0 0 0 0 0 0 0 0 0 0
2 0.538112 0.497579 0.075391 0.132861 0.540687 0.431148 2 0.537859 0.564009 2 0.575807 0.499917 2 0.500417 0.493907 2
