0 0.373922 0.654588 0.018271 0.030398 0 0 0 0 0 0 0 0 0 0 0 0
1 0.383065 0.072176 0.017005 0.029870 0 0 0 0 0 0 0 0 0 0 0 0
1 0.590992 0.216153 0.016599 0.029157 0 0 0 0 0 0 0 0 0 0 0 0
1 0.656083 0.138944 0.016802 0.030963 0 0 0 0 0 0 0 0 0 0 0 0
1 0.682102 0.151181 0.016599 0.029509 0 0 0 0 0 0 0 0 0 0 0 0
1 0.697083 0.143264 0.016198 0.030231 0 0 0 0 0 0 0 0 0 0 0 0
1 0.727451 0.248361 0.017411 0.028796 0 0 0 0 0 0 0 0 0 0 0 0
1 0.786349 0.489231 0.018219 0.028074 0 0 0 0 0 0 0 0 0 0 0 0
1 0.507599 0.840204 0.015594 0.029519 0 0 0 0 0 0 0 0 0 0 0 0
2 0.498034 0.469236 0.080089 0.139380 0.498552 0.399546 2 0.497135 0.538926 2 0.538078 0.471120 2 0.457990 0.466065 2
