1 0.220693 0.211569 0.016625 0.030102 0 0 0 0 0 0 0 0 0 0 0 0
0 0.367656 0.802722 0.017698 0.029130 0 0 0 0 0 0 0 0 0 0 0 0
0 0.277370 0.897898 0.017698 0.029130 0 0 0 0 0 0 0 0 0 0 0 0
1 0.425195 0.089810 0.016620 0.030102 0 0 0 0 0 0 0 0 0 0 0 0
1 0.490771 0.215023 0.016625 0.030102 0 0 0 0 0 0 0 0 0 0 0 0
1 0.696729 0.335060 0.016625 0.030102 0 0 0 0 0 0 0 0 0 0 0 0
1 0.714701 0.272884 0.016620 0.030102 0 0 0 0 0 0 0 0 0 0 0 0
0 0.161354 0.084944 0.017698 0.029130 0 0 0 0 0 0 0 0 0 0 0 0
0 0.589328 0.200593 0.017698 0.029130 0 0 0 0 0 0 0 0 0 0 0 0
0 0.579844 0.253593 0.017698 0.029130 0 0 0 0 0 0 0 0 0 0 0 0
0 0.534036 0.509935 0.017698 0.029130 0 0 0 0 0 0 0 0 0 0 0 0
0 0.173552 0.375500 0.017698 0.029130 0 0 0 0 0 0 0 0 0 0 0 0
0 0.645979 0.458861 0.017698 0.029130 0 0 0 0 0 0 0 0 0 0 0 0
2 0.462628 0.503324 0.074214 0.127981 0.464099 0.439333 2 0.462313 0.567315 2 0.499734 0.506935 2 0.425521 0.500694 2
