1 0.721018 0.440412 0.016620 0.030102 0 0 0 0 0 0 0 0 0 0 0 0
1 0.744333 0.177894 0.016625 0.030102 0 0 0 0 0 0 0 0 0 0 0 0
1 0.427138 0.438685 0.016620 0.030111 0 0 0 0 0 0 0 0 0 0 0 0
1 0.405763 0.206389 0.016620 0.030111 0 0 0 0 0 0 0 0 0 0 0 0
1 0.185232 0.092403 0.016620 0.030102 0 0 0 0 0 0 0 0 0 0 0 0
0 0.465995 0.795333 0.017698 0.029130 0 0 0 0 0 0 0 0 0 0 0 0
0 0.704984 0.773750 0.017698 0.029130 0 0 0 0 0 0 0 0 0 0 0 0
0 0.339703 0.413639 0.017698 0.029130 0 0 0 0 0 0 0 0 0 0 0 0
0 0.410620 0.459417 0.017698 0.029130 0 0 0 0 0 0 0 0 0 0 0 0
0 0.437339 0.309153 0.017698 0.029120 0 0 0 0 0 0 0 0 0 0 0 0
0 0.410135 0.090676 0.017698 0.029130 0 0 0 0 0 0 0 0 0 0 0 0
0 0.210005 0.708981 0.017698 0.029130 0 0 0 0 0 0 0 0 0 0 0 0
0 0.647917 0.439634 0.017698 0.029120 0 0 0 0 0 0 0 0 0 0 0 0
2 0.462628 0.503324 0.074214 0.127981 0.464099 0.439333 2 0.462313 0.567315 2 0.499734 0.506935 2 0.425521 0.500694 2
