0 0.722542 0.102111 0.017698 0.029130 0 0 0 0 0 0 0 0 0 0 0 0
1 0.379049 0.298792 0.016620 0.030102 0 0 0 0 0 0 0 0 0 0 0 0
1 0.463570 0.394644 0.016620 0.030102 0 0 0 0 0 0 0 0 0 0 0 0
1 0.588893 0.358375 0.016620 0.030102 0 0 0 0 0 0 0 0 0 0 0 0
1 0.567518 0.551810 0.016620 0.030102 0 0 0 0 0 0 0 0 0 0 0 0
1 0.198346 0.967185 0.016620 0.030111 0 0 0 0 0 0 0 0 0 0 0 0
0 0.446406 0.107287 0.017698 0.029130 0 0 0 0 0 0 0 0 0 0 0 0
0 0.336406 0.500560 0.017698 0.029120 0 0 0 0 0 0 0 0 0 0 0 0
0 0.450000 0.572889 0.017698 0.029130 0 0 0 0 0 0 0 0 0 0 0 0
0 0.453354 0.658694 0.017698 0.029130 0 0 0 0 0 0 0 0 0 0 0 0
2 0.542044 0.500181 0.075391 0.132861 0.544620 0.433750 2 0.541792 0.566611 2 0.579740 0.502519 2 0.504349 0.496509 2
