1 0.555862 0.797065 0.016620 0.030111 0 0 0 0 0 0 0 0 0 0 0 0
1 0.516029 0.524181 0.016620 0.030102 0 0 0 0 0 0 0 0 0 0 0 0
1 0.478143 0.533681 0.016620 0.030102 0 0 0 0 0 0 0 0 0 0 0 0
1 0.458227 0.615718 0.016620 0.030102 0 0 0 0 0 0 0 0 0 0 0 0
1 0.153174 0.867014 0.016620 0.030102 0 0 0 0 0 0 0 0 0 0 0 0
0 0.135687 0.734028 0.017698 0.029130 0 0 0 0 0 0 0 0 0 0 0 0
0 0.284328 0.513815 0.017698 0.029130 0 0 0 0 0 0 0 0 0 0 0 0
0 0.367391 0.800519 0.017698 0.029130 0 0 0 0 0 0 0 0 0 0 0 0
0 0.244010 0.889463 0.017698 0.029130 0 0 0 0 0 0 0 0 0 0 0 0
0 0.159005 0.091537 0.017698 0.029130 0 0 0 0 0 0 0 0 0 0 0 0
0 0.716161 0.156306 0.017698 0.029130 0 0 0 0 0 0 0 0 0 0 0 0
0 0.106042 0.513398 0.010417 0.029130 0 0 0 0 0 0 0 0 0 0 0 0
2 0.462628 0.503324 0.074214 0.127981 0.464099 0.439333 2 0.462313 0.567315 2 0.499734 0.506935 2 0.425521 0.500694 2
