0 0.737687 0.186940 0.017698 0.029120 0 0 0 0 0 0 0 0 0 0 0 0
0 0.745281 0.874833 0.017698 0.029130 0 0 0 0 0 0 0 0 0 0 0 0
1 0.738503 0.139898 0.016620 0.030111 0 0 0 0 0 0 0 0 0 0 0 0
1 0.607352 0.142486 0.016620 0.030102 0 0 0 0 0 0 0 0 0 0 0 0
1 0.368362 0.198616 0.016620 0.030102 0 0 0 0 0 0 0 0 0 0 0 0
1 0.255180 0.300519 0.016620 0.030111 0 0 0 0 0 0 0 0 0 0 0 0
1 0.301815 0.555269 0.016620 0.030111 0 0 0 0 0 0 0 0 0 0 0 0
0 0.225073 0.217403 0.017698 0.029120 0 0 0 0 0 0 0 0 0 0 0 0
0 0.248380 0.114287 0.017698 0.029130 0 0 0 0 0 0 0 0 0 0 0 0
0 0.365469 0.167773 0.017698 0.029120 0 0 0 0 0 0 0 0 0 0 0 0
0 0.316411 0.600472 0.017698 0.029130 0 0 0 0 0 0 0 0 0 0 0 0
0 0.387969 0.496394 0.017698 0.029120 0 0 0 0 0 0 0 0 0 0 0 0
2 0.462628 0.503324 0.074214 0.127981 0.464099 0.439333 2 0.462313 0.567315 2 0.499734 0.506935 2 0.425521 0.500694 2
