0 0.158448 0.086463 0.017698 0.029130 0 0 0 0 0 0 0 0 0 0 0 0
1 0.555375 0.799653 0.016625 0.030102 0 0 0 0 0 0 0 0 0 0 0 0
1 0.517971 0.525042 0.016620 0.030102 0 0 0 0 0 0 0 0 0 0 0 0
1 0.477169 0.533681 0.016620 0.030102 0 0 0 0 0 0 0 0 0 0 0 0
1 0.457253 0.614852 0.016620 0.030111 0 0 0 0 0 0 0 0 0 0 0 0
1 0.180375 0.898963 0.016625 0.030111 0 0 0 0 0 0 0 0 0 0 0 0
0 0.737932 0.111519 0.017698 0.029130 0 0 0 0 0 0 0 0 0 0 0 0
0 0.243969 0.887833 0.017698 0.029130 0 0 0 0 0 0 0 0 0 0 0 0
0 0.369083 0.803222 0.017698 0.029130 0 0 0 0 0 0 0 0 0 0 0 0
0 0.136531 0.709583 0.017698 0.029130 0 0 0 0 0 0 0 0 0 0 0 0
0 0.309589 0.492139 0.017698 0.029130 0 0 0 0 0 0 0 0 0 0 0 0
0 0.106255 0.519824 0.011052 0.029130 0 0 0 0 0 0 0 0 0 0 0 0
2 0.462628 0.503324 0.074214 0.127981 0.464099 0.439333 2 0.462313 0.567315 2 0.499734 0.506935 2 0.425521 0.500694 2
