1 0.585073 0.139370 0.017417 0.030963 0 0 0 0 0 0 0 0 0 0 0 0
1 0.513958 0.074866 0.017417 0.033546 0 0 0 0 0 0 0 0 0 0 0 0
1 0.244180 0.072282 0.019234 0.032250 0 0 0 0 0 0 0 0 0 0 0 0
1 0.247990 0.729602 0.020323 0.030963 0 0 0 0 0 0 0 0 0 0 0 0
0 0.734490 0.329324 0.018906 0.030648 0 0 0 0 0 0 0 0 0 0 0 0
0 0.548016 0.572514 0.018000 0.031454 0 0 0 0 0 0 0 0 0 0 0 0
1 0.456625 0.716380 0.017417 0.034185 0 0 0 0 0 0 0 0 0 0 0 0
1 0.388594 0.555759 0.017052 0.030315 0 0 0 0 0 0 0 0 0 0 0 0
1 0.820380 0.639292 0.019229 0.032250 0 0 0 0 0 0 0 0 0 0 0 0
1 0.470052 0.507699 0.016687 0.028380 0 0 0 0 0 0 0 0 0 0 0 0
1 0.507424 0.359981 0.016693 0.030963 0 0 0 0 0 0 0 0 0 0 0 0
1 0.461888 0.316759 0.016328 0.030963 0 0 0 0 0 0 0 0 0 0 0 0
1 0.518674 0.209685 0.015964 0.030963 0 0 0 0 0 0 0 0 0 0 0 0
1 0.642586 0.153241 0.016328 0.031611 0 0 0 0 0 0 0 0 0 0 0 0
2 0.498034 0.469236 0.080089 0.139380 0.498552 0.399546 2 0.497135 0.538926 2 0.538078 0.471120 2 0.457990 0.466065 2
