1 0.261008 0.861829 0.016620 0.030102 0 0 0 0 0 0 0 0 0 0 0 0
1 0.429081 0.879102 0.016620 0.030111 0 0 0 0 0 0 0 0 0 0 0 0
1 0.393622 0.859241 0.016620 0.030111 0 0 0 0 0 0 0 0 0 0 0 0
1 0.276070 0.728843 0.016620 0.030111 0 0 0 0 0 0 0 0 0 0 0 0
0 0.763245 0.879676 0.017698 0.029130 0 0 0 0 0 0 0 0 0 0 0 0
0 0.703672 0.615852 0.017698 0.029130 0 0 0 0 0 0 0 0 0 0 0 0
0 0.573984 0.611148 0.017698 0.029130 0 0 0 0 0 0 0 0 0 0 0 0
0 0.850292 0.364972 0.017698 0.029130 0 0 0 0 0 0 0 0 0 0 0 0
0 0.262187 0.812157 0.017698 0.029130 0 0 0 0 0 0 0 0 0 0 0 0
0 0.254958 0.138963 0.017698 0.029130 0 0 0 0 0 0 0 0 0 0 0 0
2 0.537349 0.495556 0.075385 0.132870 0.539927 0.429120 2 0.537099 0.561991 2 0.575042 0.497889 2 0.499656 0.491880 2
