0 0.477922 0.649028 0.017698 0.029130 0 0 0 0 0 0 0 0 0 0 0 0
1 0.246924 0.341106 0.016620 0.030102 0 0 0 0 0 0 0 0 0 0 0 0
1 0.273154 0.163213 0.016620 0.030111 0 0 0 0 0 0 0 0 0 0 0 0
1 0.300357 0.746977 0.016620 0.030102 0 0 0 0 0 0 0 0 0 0 0 0
1 0.262466 0.636440 0.016620 0.030102 0 0 0 0 0 0 0 0 0 0 0 0
1 0.309586 0.912782 0.016620 0.030102 0 0 0 0 0 0 0 0 0 0 0 0
1 0.819625 0.561310 0.016625 0.030102 0 0 0 0 0 0 0 0 0 0 0 0
1 0.793878 0.609671 0.016620 0.030102 0 0 0 0 0 0 0 0 0 0 0 0
1 0.599581 0.810019 0.016620 0.030111 0 0 0 0 0 0 0 0 0 0 0 0
1 0.294529 0.787565 0.016620 0.030111 0 0 0 0 0 0 0 0 0 0 0 0
0 0.235344 0.634574 0.017698 0.029130 0 0 0 0 0 0 0 0 0 0 0 0
1 0.188148 0.789292 0.016620 0.030102 0 0 0 0 0 0 0 0 0 0 0 0
1 0.468424 0.517273 0.016620 0.030102 0 0 0 0 0 0 0 0 0 0 0 0
2 0.497086 0.468046 0.071495 0.126778 0.499229 0.404657 2 0.496885 0.531435 2 0.532833 0.472056 2 0.461339 0.465417 2
