0 0.370031 0.561153 0.017698 0.029120 0 0 0 0 0 0 0 0 0 0 0 0
0 0.278682 0.607398 0.017698 0.029130 0 0 0 0 0 0 0 0 0 0 0 0
0 0.632104 0.197676 0.017698 0.029130 0 0 0 0 0 0 0 0 0 0 0 0
0 0.838708 0.917130 0.017698 0.029130 0 0 0 0 0 0 0 0 0 0 0 0
0 0.516125 0.903417 0.017698 0.029130 0 0 0 0 0 0 0 0 0 0 0 0
0 0.500094 0.784847 0.017698 0.029120 0 0 0 0 0 0 0 0 0 0 0 0
0 0.501755 0.579704 0.017698 0.029130 0 0 0 0 0 0 0 0 0 0 0 0
0 0.389844 0.554167 0.017698 0.029130 0 0 0 0 0 0 0 0 0 0 0 0
1 0.444625 0.199481 0.016625 0.030111 0 0 0 0 0 0 0 0 0 0 0 0
1 0.482997 0.474093 0.016620 0.030111 0 0 0 0 0 0 0 0 0 0 0 0
1 0.522346 0.465458 0.016620 0.030102 0 0 0 0 0 0 0 0 0 0 0 0
1 0.541773 0.384282 0.016620 0.030102 0 0 0 0 0 0 0 0 0 0 0 0
1 0.774935 0.918824 0.016620 0.030111 0 0 0 0 0 0 0 0 0 0 0 0
2 0.538112 0.497579 0.075391 0.132861 0.540687 0.431148 2 0.537859 0.564009 2 0.575807 0.499917 2 0.500417 0.493907 2
