1 0.658729 0.153926 0.018042 0.029148 0 0 0 0 0 0 0 0 0 0 0 0
1 0.819312 0.229722 0.018271 0.030815 0 0 0 0 0 0 0 0 0 0 0 0
1 0.785578 0.310727 0.020146 0.032065 0 0 0 0 0 0 0 0 0 0 0 0
1 0.742591 0.530611 0.018974 0.030407 0 0 0 0 0 0 0 0 0 0 0 0
1 0.603797 0.327176 0.017802 0.029148 0 0 0 0 0 0 0 0 0 0 0 0
1 0.597003 0.075431 0.017339 0.033731 0 0 0 0 0 0 0 0 0 0 0 0
1 0.501779 0.129986 0.017099 0.032065 0 0 0 0 0 0 0 0 0 0 0 0
1 0.484445 0.187662 0.017099 0.030824 0 0 0 0 0 0 0 0 0 0 0 0
1 0.253438 0.758435 0.019073 0.032667 0 0 0 0 0 0 0 0 0 0 0 0
1 0.370589 0.729037 0.017146 0.031722 0 0 0 0 0 0 0 0 0 0 0 0
1 0.795766 0.899977 0.019250 0.032657 0 0 0 0 0 0 0 0 0 0 0 0
0 0.747508 0.840148 0.017818 0.031315 0 0 0 0 0 0 0 0 0 0 0 0
2 0.498336 0.469236 0.079484 0.139380 0.498552 0.399546 2 0.497135 0.538926 2 0.538078 0.471120 2 0.458594 0.465796 2
