1 0.179451 0.743481 0.018703 0.028907 0 0 0 0 0 0 0 0 0 0 0 0
1 0.360505 0.878644 0.018698 0.032287 0 0 0 0 0 0 0 0 0 0 0 0
1 0.349799 0.718667 0.018432 0.031315 0 0 0 0 0 0 0 0 0 0 0 0
1 0.463779 0.293014 0.016620 0.030102 0 0 0 0 0 0 0 0 0 0 0 0
1 0.480555 0.495949 0.017557 0.028991 0 0 0 0 0 0 0 0 0 0 0 0
1 0.681573 0.374972 0.018187 0.031222 0 0 0 0 0 0 0 0 0 0 0 0
0 0.548120 0.572926 0.017625 0.030926 0 0 0 0 0 0 0 0 0 0 0 0
0 0.736365 0.576426 0.019083 0.031370 0 0 0 0 0 0 0 0 0 0 0 0
1 0.819401 0.638671 0.018500 0.030102 0 0 0 0 0 0 0 0 0 0 0 0
1 0.215904 0.770708 0.020057 0.028435 0 0 0 0 0 0 0 0 0 0 0 0
1 0.252224 0.737458 0.019510 0.032287 0 0 0 0 0 0 0 0 0 0 0 0
1 0.229049 0.736255 0.018161 0.031806 0 0 0 0 0 0 0 0 0 0 0 0
1 0.216971 0.317542 0.018505 0.028991 0 0 0 0 0 0 0 0 0 0 0 0
1 0.456182 0.716259 0.018156 0.030352 0 0 0 0 0 0 0 0 0 0 0 0
2 0.498034 0.469236 0.080089 0.139380 0.498552 0.399546 2 0.497135 0.538926 2 0.538078 0.471120 2 0.457990 0.466065 2
