0 0.398823 0.741926 0.017698 0.029130 0 0 0 0 0 0 0 0 0 0 0 0
1 0.542260 0.385144 0.016625 0.030102 0 0 0 0 0 0 0 0 0 0 0 0
1 0.444138 0.199481 0.016620 0.030111 0 0 0 0 0 0 0 0 0 0 0 0
1 0.521372 0.468051 0.016620 0.030102 0 0 0 0 0 0 0 0 0 0 0 0
1 0.482513 0.474958 0.016620 0.030102 0 0 0 0 0 0 0 0 0 0 0 0
1 0.857029 0.215889 0.016620 0.030111 0 0 0 0 0 0 0 0 0 0 0 0
0 0.838391 0.915694 0.017698 0.029130 0 0 0 0 0 0 0 0 0 0 0 0
0 0.707458 0.515204 0.017698 0.029130 0 0 0 0 0 0 0 0 0 0 0 0
0 0.893937 0.485472 0.011188 0.029130 0 0 0 0 0 0 0 0 0 0 0 0
0 0.866880 0.248528 0.017698 0.029130 0 0 0 0 0 0 0 0 0 0 0 0
0 0.755286 0.110546 0.017698 0.029130 0 0 0 0 0 0 0 0 0 0 0 0
0 0.632198 0.197889 0.017698 0.029130 0 0 0 0 0 0 0 0 0 0 0 0
2 0.538112 0.497579 0.075391 0.132861 0.540687 0.431148 2 0.537859 0.564009 2 0.575807 0.499917 2 0.500417 0.493907 2
