0 0.744484 0.862407 0.017698 0.029130 0 0 0 0 0 0 0 0 0 0 0 0
0 0.737922 0.185667 0.017698 0.029130 0 0 0 0 0 0 0 0 0 0 0 0
0 0.425661 0.388898 0.017698 0.029130 0 0 0 0 0 0 0 0 0 0 0 0
0 0.295885 0.384731 0.017698 0.029130 0 0 0 0 0 0 0 0 0 0 0 0
0 0.236151 0.121954 0.017698 0.029130 0 0 0 0 0 0 0 0 0 0 0 0
0 0.149120 0.636167 0.017698 0.029130 0 0 0 0 0 0 0 0 0 0 0 0
1 0.723445 0.273745 0.016620 0.030102 0 0 0 0 0 0 0 0 0 0 0 0
1 0.738018 0.139032 0.016620 0.030102 0 0 0 0 0 0 0 0 0 0 0 0
1 0.606378 0.145079 0.016620 0.030102 0 0 0 0 0 0 0 0 0 0 0 0
1 0.571404 0.121759 0.016620 0.030111 0 0 0 0 0 0 0 0 0 0 0 0
2 0.462628 0.503324 0.074214 0.127981 0.464099 0.439333 2 0.462313 0.567315 2 0.499734 0.506935 2 0.425521 0.500694 2
