0 0.747513 0.840620 0.018505 0.032074 0 0 0 0 0 0 0 0 0 0 0 0
1 0.509737 0.191394 0.016974 0.031417 0 0 0 0 0 0 0 0 0 0 0 0
1 0.565732 0.179403 0.017328 0.030454 0 0 0 0 0 0 0 0 0 0 0 0
1 0.597227 0.075509 0.016974 0.032352 0 0 0 0 0 0 0 0 0 0 0 0
1 0.607594 0.345616 0.016802 0.030231 0 0 0 0 0 0 0 0 0 0 0 0
1 0.721583 0.189764 0.017615 0.030954 0 0 0 0 0 0 0 0 0 0 0 0
1 0.819372 0.229181 0.019234 0.029880 0 0 0 0 0 0 0 0 0 0 0 0
1 0.802870 0.338060 0.019438 0.031676 0 0 0 0 0 0 0 0 0 0 0 0
1 0.735651 0.510468 0.018219 0.030231 0 0 0 0 0 0 0 0 0 0 0 0
1 0.795013 0.902245 0.018724 0.034528 0 0 0 0 0 0 0 0 0 0 0 0
1 0.396083 0.784255 0.017146 0.031417 0 0 0 0 0 0 0 0 0 0 0 0
1 0.256315 0.751579 0.020328 0.030843 0 0 0 0 0 0 0 0 0 0 0 0
2 0.498336 0.469236 0.079484 0.139380 0.498552 0.399546 2 0.497135 0.538926 2 0.538078 0.471120 2 0.458594 0.465796 2
