0 0.263229 0.828741 0.017698 0.029130 0 0 0 0 0 0 0 0 0 0 0 0
0 0.300047 0.705065 0.017698 0.029130 0 0 0 0 0 0 0 0 0 0 0 0
0 0.285786 0.315454 0.017698 0.029130 0 0 0 0 0 0 0 0 0 0 0 0
0 0.565594 0.612630 0.017698 0.029130 0 0 0 0 0 0 0 0 0 0 0 0
0 0.572005 0.666315 0.017698 0.029130 0 0 0 0 0 0 0 0 0 0 0 0
0 0.273391 0.548866 0.017698 0.029120 0 0 0 0 0 0 0 0 0 0 0 0
1 0.337273 0.086356 0.016620 0.030102 0 0 0 0 0 0 0 0 0 0 0 0
1 0.413049 0.121759 0.016620 0.030111 0 0 0 0 0 0 0 0 0 0 0 0
1 0.414992 0.158894 0.016620 0.030102 0 0 0 0 0 0 0 0 0 0 0 0
1 0.285784 0.890329 0.016620 0.030102 0 0 0 0 0 0 0 0 0 0 0 0
1 0.381961 0.843694 0.016620 0.030111 0 0 0 0 0 0 0 0 0 0 0 0
0 0.309740 0.172981 0.017698 0.029130 0 0 0 0 0 0 0 0 0 0 0 0
2 0.536716 0.495046 0.075391 0.132870 0.539292 0.428611 2 0.536464 0.561481 2 0.574411 0.497380 2 0.499021 0.491370 2
