1 0.745047 0.911431 0.018219 0.030954 0 0 0 0 0 0 0 0 0 0 0 0
1 0.706578 0.707532 0.019031 0.033472 0 0 0 0 0 0 0 0 0 0 0 0
1 0.487008 0.872019 0.018016 0.034907 0 0 0 0 0 0 0 0 0 0 0 0
1 0.163372 0.854023 0.019839 0.032750 0 0 0 0 0 0 0 0 0 0 0 0
1 0.801570 0.488296 0.019245 0.031796 0 0 0 0 0 0 0 0 0 0 0 0
1 0.470086 0.509255 0.017078 0.031324 0 0 0 0 0 0 0 0 0 0 0 0
1 0.407341 0.372653 0.016807 0.030843 0 0 0 0 0 0 0 0 0 0 0 0
1 0.375763 0.181116 0.018703 0.031324 0 0 0 0 0 0 0 0 0 0 0 0
1 0.727711 0.188588 0.018432 0.031806 0 0 0 0 0 0 0 0 0 0 0 0
1 0.299602 0.137028 0.018703 0.031796 0 0 0 0 0 0 0 0 0 0 0 0
0 0.163932 0.898468 0.019083 0.032991 0 0 0 0 0 0 0 0 0 0 0 0
0 0.547727 0.573144 0.017255 0.029972 0 0 0 0 0 0 0 0 0 0 0 0
1 0.793638 0.909815 0.018224 0.032037 0 0 0 0 0 0 0 0 0 0 0 0
2 0.498336 0.469236 0.079484 0.139380 0.498552 0.399546 2 0.497135 0.538926 2 0.538078 0.471120 2 0.458594 0.465796 2
