1 0.555375 0.797065 0.016625 0.030111 0 0 0 0 0 0 0 0 0 0 0 0
1 0.216807 0.199481 0.016625 0.030111 0 0 0 0 0 0 0 0 0 0 0 0
1 0.478628 0.533681 0.016620 0.030102 0 0 0 0 0 0 0 0 0 0 0 0
0 0.514573 0.179620 0.017698 0.029130 0 0 0 0 0 0 0 0 0 0 0 0
0 0.543719 0.180481 0.017698 0.029130 0 0 0 0 0 0 0 0 0 0 0 0
0 0.473286 0.284111 0.017698 0.029130 0 0 0 0 0 0 0 0 0 0 0 0
0 0.332417 0.465454 0.017698 0.029130 0 0 0 0 0 0 0 0 0 0 0 0
0 0.133260 0.779796 0.017698 0.029130 0 0 0 0 0 0 0 0 0 0 0 0
0 0.137146 0.850602 0.017698 0.029130 0 0 0 0 0 0 0 0 0 0 0 0
0 0.531573 0.546630 0.017698 0.029130 0 0 0 0 0 0 0 0 0 0 0 0
0 0.643297 0.878241 0.017698 0.029130 0 0 0 0 0 0 0 0 0 0 0 0
1 0.438310 0.682208 0.016620 0.030102 0 0 0 0 0 0 0 0 0 0 0 0
1 0.224094 0.078583 0.016625 0.030111 0 0 0 0 0 0 0 0 0 0 0 0
2 0.462628 0.503324 0.074214 0.127981 0.464099 0.439333 2 0.462313 0.567315 2 0.499734 0.506935 2 0.425521 0.500694 2
