1 0.261497 0.861829 0.016620 0.030102 0 0 0 0 0 0 0 0 0 0 0 0
1 0.397992 0.868741 0.016620 0.030111 0 0 0 0 0 0 0 0 0 0 0 0
1 0.385846 0.816921 0.016620 0.030102 0 0 0 0 0 0 0 0 0 0 0 0
1 0.412565 0.753884 0.016620 0.030102 0 0 0 0 0 0 0 0 0 0 0 0
0 0.763135 0.879519 0.017698 0.029130 0 0 0 0 0 0 0 0 0 0 0 0
0 0.717344 0.603944 0.017698 0.029130 0 0 0 0 0 0 0 0 0 0 0 0
0 0.652641 0.487611 0.017698 0.029130 0 0 0 0 0 0 0 0 0 0 0 0
0 0.832630 0.396333 0.017698 0.029130 0 0 0 0 0 0 0 0 0 0 0 0
0 0.262375 0.812722 0.017698 0.029130 0 0 0 0 0 0 0 0 0 0 0 0
0 0.254693 0.138037 0.017698 0.029130 0 0 0 0 0 0 0 0 0 0 0 0
2 0.538112 0.497579 0.075391 0.132861 0.540687 0.431148 2 0.537859 0.564009 2 0.575807 0.499917 2 0.500417 0.493907 2
