1 0.802354 0.886736 0.017615 0.031806 0 0 0 0 0 0 0 0 0 0 0 0
1 0.489031 0.882644 0.017615 0.030361 0 0 0 0 0 0 0 0 0 0 0 0
1 0.393083 0.738329 0.016531 0.029880 0 0 0 0 0 0 0 0 0 0 0 0
1 0.290359 0.614009 0.017615 0.025056 0 0 0 0 0 0 0 0 0 0 0 0
1 0.241167 0.684361 0.017885 0.027944 0 0 0 0 0 0 0 0 0 0 0 0
1 0.202138 0.721463 0.018974 0.032759 0 0 0 0 0 0 0 0 0 0 0 0
1 0.163513 0.593532 0.018161 0.027472 0 0 0 0 0 0 0 0 0 0 0 0
1 0.233982 0.436690 0.018161 0.030843 0 0 0 0 0 0 0 0 0 0 0 0
1 0.250516 0.451389 0.016531 0.028426 0 0 0 0 0 0 0 0 0 0 0 0
1 0.254583 0.373083 0.017073 0.026981 0 0 0 0 0 0 0 0 0 0 0 0
1 0.274370 0.386338 0.016531 0.029398 0 0 0 0 0 0 0 0 0 0 0 0
1 0.623669 0.076745 0.016807 0.032398 0 0 0 0 0 0 0 0 0 0 0 0
0 0.534937 0.563648 0.017146 0.030593 0 0 0 0 0 0 0 0 0 0 0 0
0 0.391784 0.911602 0.017807 0.034352 0 0 0 0 0 0 0 0 0 0 0 0
2 0.498034 0.469236 0.080089 0.139380 0.498552 0.399546 2 0.497135 0.538926 2 0.538078 0.471120 2 0.457990 0.466065 2
