0 0.623135 0.469907 0.017698 0.029130 0 0 0 0 0 0 0 0 0 0 0 0
0 0.255036 0.138574 0.017698 0.029130 0 0 0 0 0 0 0 0 0 0 0 0
1 0.261982 0.860102 0.016620 0.030111 0 0 0 0 0 0 0 0 0 0 0 0
1 0.397021 0.846287 0.016625 0.030111 0 0 0 0 0 0 0 0 0 0 0 0
1 0.383904 0.829014 0.016620 0.030102 0 0 0 0 0 0 0 0 0 0 0 0
0 0.762781 0.878935 0.017698 0.029130 0 0 0 0 0 0 0 0 0 0 0 0
0 0.714661 0.625657 0.017698 0.029130 0 0 0 0 0 0 0 0 0 0 0 0
0 0.836130 0.446213 0.017698 0.029130 0 0 0 0 0 0 0 0 0 0 0 0
1 0.367388 0.755616 0.016620 0.030102 0 0 0 0 0 0 0 0 0 0 0 0
0 0.262260 0.812880 0.017698 0.029130 0 0 0 0 0 0 0 0 0 0 0 0
2 0.538112 0.497579 0.075391 0.132861 0.540687 0.431148 2 0.537859 0.564009 2 0.575807 0.499917 2 0.500417 0.493907 2
