0 0.244495 0.887741 0.017698 0.029130 0 0 0 0 0 0 0 0 0 0 0 0
1 0.516516 0.525907 0.016625 0.030111 0 0 0 0 0 0 0 0 0 0 0 0
0 0.136172 0.665806 0.017698 0.029130 0 0 0 0 0 0 0 0 0 0 0 0
0 0.103617 0.515546 0.014807 0.029130 0 0 0 0 0 0 0 0 0 0 0 0
0 0.603464 0.103630 0.017698 0.029130 0 0 0 0 0 0 0 0 0 0 0 0
0 0.367875 0.803972 0.017698 0.029130 0 0 0 0 0 0 0 0 0 0 0 0
0 0.163375 0.082037 0.017698 0.029130 0 0 0 0 0 0 0 0 0 0 0 0
0 0.303271 0.440417 0.017698 0.029130 0 0 0 0 0 0 0 0 0 0 0 0
1 0.556346 0.803106 0.016620 0.030102 0 0 0 0 0 0 0 0 0 0 0 0
1 0.211464 0.876509 0.016625 0.030111 0 0 0 0 0 0 0 0 0 0 0 0
1 0.458227 0.617444 0.016620 0.030111 0 0 0 0 0 0 0 0 0 0 0 0
1 0.477654 0.533681 0.016620 0.030102 0 0 0 0 0 0 0 0 0 0 0 0
2 0.462628 0.503324 0.074214 0.127981 0.464099 0.439333 2 0.462313 0.567315 2 0.499734 0.506935 2 0.425521 0.500694 2
