1 0.662497 0.119921 0.017078 0.029398 0 0 0 0 0 0 0 0 0 0 0 0
1 0.780401 0.495764 0.018698 0.029398 0 0 0 0 0 0 0 0 0 0 0 0
1 0.507620 0.839676 0.018552 0.031389 0 0 0 0 0 0 0 0 0 0 0 0
1 0.735409 0.083060 0.017620 0.027954 0 0 0 0 0 0 0 0 0 0 0 0
1 0.593924 0.224241 0.017620 0.029870 0 0 0 0 0 0 0 0 0 0 0 0
0 0.367036 0.639972 0.018375 0.031111 0 0 0 0 0 0 0 0 0 0 0 0
1 0.752349 0.124500 0.017344 0.032759 0 0 0 0 0 0 0 0 0 0 0 0
1 0.717112 0.244000 0.017349 0.026981 0 0 0 0 0 0 0 0 0 0 0 0
1 0.383055 0.071495 0.017620 0.031806 0 0 0 0 0 0 0 0 0 0 0 0
2 0.497794 0.471579 0.080089 0.139380 0.498312 0.401889 2 0.496896 0.541269 2 0.537839 0.473454 2 0.457750 0.468407 2
