1 0.198586 0.272861 0.018432 0.030833 0 0 0 0 0 0 0 0 0 0 0 0
1 0.395224 0.356463 0.017073 0.027463 0 0 0 0 0 0 0 0 0 0 0 0
1 0.463664 0.293583 0.016807 0.028907 0 0 0 0 0 0 0 0 0 0 0 0
1 0.482062 0.170204 0.015604 0.030315 0 0 0 0 0 0 0 0 0 0 0 0
1 0.818862 0.639213 0.019516 0.029389 0 0 0 0 0 0 0 0 0 0 0 0
1 0.620055 0.547176 0.018161 0.028426 0 0 0 0 0 0 0 0 0 0 0 0
1 0.531560 0.601630 0.017891 0.028426 0 0 0 0 0 0 0 0 0 0 0 0
1 0.463935 0.554889 0.017620 0.029389 0 0 0 0 0 0 0 0 0 0 0 0
1 0.479112 0.494898 0.017620 0.027944 0 0 0 0 0 0 0 0 0 0 0 0
1 0.583328 0.910977 0.017885 0.031324 0 0 0 0 0 0 0 0 0 0 0 0
1 0.518956 0.842551 0.017078 0.031324 0 0 0 0 0 0 0 0 0 0 0 0
1 0.400917 0.872426 0.017885 0.031315 0 0 0 0 0 0 0 0 0 0 0 0
0 0.777003 0.547282 0.018953 0.030676 0 0 0 0 0 0 0 0 0 0 0 0
0 0.547966 0.573028 0.017891 0.032074 0 0 0 0 0 0 0 0 0 0 0 0
2 0.498034 0.469236 0.080089 0.139380 0.498552 0.399546 2 0.497135 0.538926 2 0.538078 0.471120 2 0.457990 0.466065 2
