1 0.801654 0.914509 0.016620 0.030111 0 0 0 0 0 0 0 0 0 0 0 0
0 0.351461 0.558153 0.011130 0.015898 0 0 0 0 0 0 0 0 0 0 0 0
0 0.277802 0.216444 0.017698 0.029130 0 0 0 0 0 0 0 0 0 0 0 0
0 0.299495 0.130963 0.017698 0.029130 0 0 0 0 0 0 0 0 0 0 0 0
0 0.793422 0.274981 0.017698 0.029130 0 0 0 0 0 0 0 0 0 0 0 0
0 0.585396 0.523083 0.017698 0.029130 0 0 0 0 0 0 0 0 0 0 0 0
0 0.444797 0.874315 0.017698 0.029130 0 0 0 0 0 0 0 0 0 0 0 0
0 0.553776 0.695917 0.017698 0.029130 0 0 0 0 0 0 0 0 0 0 0 0
0 0.590620 0.910556 0.017698 0.029130 0 0 0 0 0 0 0 0 0 0 0 0
1 0.573836 0.554403 0.016620 0.030102 0 0 0 0 0 0 0 0 0 0 0 0
1 0.483971 0.694301 0.016620 0.030102 0 0 0 0 0 0 0 0 0 0 0 0
1 0.272182 0.685662 0.016625 0.030102 0 0 0 0 0 0 0 0 0 0 0 0
1 0.233320 0.811745 0.016620 0.030102 0 0 0 0 0 0 0 0 0 0 0 0
2 0.537594 0.494981 0.075385 0.132870 0.540172 0.428546 2 0.537344 0.561417 2 0.575286 0.497315 2 0.499901 0.491306 2
