0 0.644417 0.733139 0.017698 0.029130 0 0 0 0 0 0 0 0 0 0 0 0
1 0.794852 0.469773 0.016620 0.030102 0 0 0 0 0 0 0 0 0 0 0 0
1 0.611721 0.871329 0.016620 0.030102 0 0 0 0 0 0 0 0 0 0 0 0
0 0.563880 0.235241 0.017698 0.029130 0 0 0 0 0 0 0 0 0 0 0 0
0 0.749115 0.186028 0.017698 0.029130 0 0 0 0 0 0 0 0 0 0 0 0
0 0.844130 0.405056 0.017698 0.029130 0 0 0 0 0 0 0 0 0 0 0 0
0 0.254245 0.138731 0.017698 0.029130 0 0 0 0 0 0 0 0 0 0 0 0
0 0.262911 0.814065 0.017698 0.029130 0 0 0 0 0 0 0 0 0 0 0 0
1 0.261497 0.862694 0.016620 0.030111 0 0 0 0 0 0 0 0 0 0 0 0
0 0.764719 0.883426 0.017698 0.029130 0 0 0 0 0 0 0 0 0 0 0 0
2 0.537242 0.495981 0.075391 0.132870 0.539818 0.429546 2 0.536990 0.562417 2 0.574938 0.498315 2 0.499547 0.492306 2
