1 0.738018 0.141625 0.016620 0.030102 0 0 0 0 0 0 0 0 0 0 0 0
1 0.617065 0.811745 0.016620 0.030102 0 0 0 0 0 0 0 0 0 0 0 0
1 0.421794 0.682208 0.016620 0.030102 0 0 0 0 0 0 0 0 0 0 0 0
0 0.704229 0.857019 0.017698 0.029130 0 0 0 0 0 0 0 0 0 0 0 0
0 0.704229 0.785657 0.017698 0.029130 0 0 0 0 0 0 0 0 0 0 0 0
0 0.711443 0.744958 0.017698 0.029120 0 0 0 0 0 0 0 0 0 0 0 0
0 0.692312 0.761685 0.017698 0.029130 0 0 0 0 0 0 0 0 0 0 0 0
1 0.403820 0.743523 0.016620 0.030102 0 0 0 0 0 0 0 0 0 0 0 0
0 0.676948 0.481250 0.017698 0.029130 0 0 0 0 0 0 0 0 0 0 0 0
0 0.184906 0.846426 0.017698 0.029130 0 0 0 0 0 0 0 0 0 0 0 0
0 0.739526 0.186324 0.017698 0.029130 0 0 0 0 0 0 0 0 0 0 0 0
1 0.606378 0.142486 0.016620 0.030102 0 0 0 0 0 0 0 0 0 0 0 0
0 0.669734 0.639583 0.017698 0.029130 0 0 0 0 0 0 0 0 0 0 0 0
2 0.462628 0.503324 0.074214 0.127981 0.464099 0.439333 2 0.462313 0.567315 2 0.499734 0.506935 2 0.425521 0.500694 2
