1 0.606867 0.144213 0.016620 0.030111 0 0 0 0 0 0 0 0 0 0 0 0
1 0.737534 0.139032 0.016620 0.030102 0 0 0 0 0 0 0 0 0 0 0 0
0 0.135135 0.850074 0.017698 0.029130 0 0 0 0 0 0 0 0 0 0 0 0
0 0.621651 0.484829 0.017698 0.029120 0 0 0 0 0 0 0 0 0 0 0 0
0 0.668542 0.638537 0.017698 0.029130 0 0 0 0 0 0 0 0 0 0 0 0
0 0.631135 0.772009 0.017698 0.029130 0 0 0 0 0 0 0 0 0 0 0 0
0 0.685615 0.752741 0.017698 0.029130 0 0 0 0 0 0 0 0 0 0 0 0
1 0.404307 0.741796 0.016625 0.030111 0 0 0 0 0 0 0 0 0 0 0 0
0 0.704589 0.856333 0.017698 0.029130 0 0 0 0 0 0 0 0 0 0 0 0
0 0.712177 0.776352 0.017698 0.029130 0 0 0 0 0 0 0 0 0 0 0 0
0 0.737958 0.185935 0.017698 0.029130 0 0 0 0 0 0 0 0 0 0 0 0
1 0.421310 0.681347 0.016620 0.030102 0 0 0 0 0 0 0 0 0 0 0 0
1 0.616096 0.810019 0.016620 0.030111 0 0 0 0 0 0 0 0 0 0 0 0
2 0.462628 0.503324 0.074214 0.127981 0.464099 0.439333 2 0.462313 0.567315 2 0.499734 0.506935 2 0.425521 0.500694 2
