0 0.535010 0.563782 0.016771 0.030861 0 0 0 0 0 0 0 0 0 0 0 0
1 0.489112 0.883412 0.018161 0.033250 0 0 0 0 0 0 0 0 0 0 0 0
1 0.544542 0.614542 0.016802 0.027472 0 0 0 0 0 0 0 0 0 0 0 0
1 0.628971 0.612130 0.017620 0.028426 0 0 0 0 0 0 0 0 0 0 0 0
1 0.799320 0.618634 0.018432 0.030843 0 0 0 0 0 0 0 0 0 0 0 0
1 0.802706 0.886306 0.019786 0.031315 0 0 0 0 0 0 0 0 0 0 0 0
0 0.383370 0.872116 0.017802 0.033157 0 0 0 0 0 0 0 0 0 0 0 0
1 0.289698 0.226444 0.018500 0.030667 0 0 0 0 0 0 0 0 0 0 0 0
1 0.275271 0.386731 0.016625 0.031222 0 0 0 0 0 0 0 0 0 0 0 0
1 0.466568 0.500741 0.017875 0.026204 0 0 0 0 0 0 0 0 0 0 0 0
1 0.623839 0.076194 0.017563 0.031222 0 0 0 0 0 0 0 0 0 0 0 0
1 0.223370 0.167352 0.018813 0.031778 0 0 0 0 0 0 0 0 0 0 0 0
1 0.406852 0.822218 0.017349 0.033250 0 0 0 0 0 0 0 0 0 0 0 0
1 0.288273 0.874019 0.018703 0.028907 0 0 0 0 0 0 0 0 0 0 0 0
2 0.498034 0.469236 0.080089 0.139380 0.498552 0.399546 2 0.497135 0.538926 2 0.538078 0.471120 2 0.457990 0.466065 2
