1 0.556833 0.799653 0.016625 0.030102 0 0 0 0 0 0 0 0 0 0 0 0
1 0.176490 0.290153 0.013708 0.030102 0 0 0 0 0 0 0 0 0 0 0 0
1 0.219721 0.075995 0.016620 0.030102 0 0 0 0 0 0 0 0 0 0 0 0
1 0.399935 0.661486 0.016620 0.030102 0 0 0 0 0 0 0 0 0 0 0 0
1 0.477654 0.532815 0.016620 0.030111 0 0 0 0 0 0 0 0 0 0 0 0
0 0.147828 0.867875 0.017698 0.029120 0 0 0 0 0 0 0 0 0 0 0 0
0 0.133260 0.786704 0.017698 0.029130 0 0 0 0 0 0 0 0 0 0 0 0
0 0.642813 0.876509 0.017698 0.029130 0 0 0 0 0 0 0 0 0 0 0 0
0 0.517974 0.544907 0.017698 0.029130 0 0 0 0 0 0 0 0 0 0 0 0
0 0.331932 0.509500 0.017698 0.029130 0 0 0 0 0 0 0 0 0 0 0 0
0 0.472313 0.282380 0.017698 0.029130 0 0 0 0 0 0 0 0 0 0 0 0
0 0.509714 0.183935 0.017698 0.029130 0 0 0 0 0 0 0 0 0 0 0 0
0 0.582094 0.221935 0.017698 0.029130 0 0 0 0 0 0 0 0 0 0 0 0
2 0.462628 0.503324 0.074214 0.127981 0.464099 0.439333 2 0.462313 0.567315 2 0.499734 0.506935 2 0.425521 0.500694 2
