1 0.783307 0.876894 0.019250 0.033602 0 0 0 0 0 0 0 0 0 0 0 0
1 0.163914 0.854870 0.019599 0.031722 0 0 0 0 0 0 0 0 0 0 0 0
1 0.470034 0.509347 0.016099 0.031731 0 0 0 0 0 0 0 0 0 0 0 0
1 0.547120 0.127912 0.016937 0.030657 0 0 0 0 0 0 0 0 0 0 0 0
1 0.470745 0.137995 0.016635 0.030380 0 0 0 0 0 0 0 0 0 0 0 0
1 0.354518 0.269736 0.018599 0.030380 0 0 0 0 0 0 0 0 0 0 0 0
1 0.348016 0.225644 0.017396 0.030380 0 0 0 0 0 0 0 0 0 0 0 0
1 0.316635 0.084222 0.017542 0.031463 0 0 0 0 0 0 0 0 0 0 0 0
1 0.249789 0.159907 0.018151 0.031722 0 0 0 0 0 0 0 0 0 0 0 0
1 0.220753 0.107208 0.018453 0.031731 0 0 0 0 0 0 0 0 0 0 0 0
1 0.175229 0.104116 0.018448 0.030917 0 0 0 0 0 0 0 0 0 0 0 0
0 0.547865 0.572796 0.017281 0.030185 0 0 0 0 0 0 0 0 0 0 0 0
0 0.164344 0.898597 0.019042 0.032639 0 0 0 0 0 0 0 0 0 0 0 0
1 0.707888 0.889185 0.018901 0.032667 0 0 0 0 0 0 0 0 0 0 0 0
2 0.498336 0.469236 0.079484 0.139380 0.498552 0.399546 2 0.497135 0.538926 2 0.538078 0.471120 2 0.458594 0.465796 2
