0 0.725865 0.523083 0.017698 0.029130 0 0 0 0 0 0 0 0 0 0 0 0
0 0.345005 0.802796 0.017698 0.029130 0 0 0 0 0 0 0 0 0 0 0 0
1 0.542260 0.382556 0.016625 0.030111 0 0 0 0 0 0 0 0 0 0 0 0
1 0.865771 0.177028 0.016625 0.030111 0 0 0 0 0 0 0 0 0 0 0 0
1 0.444625 0.200347 0.016625 0.030102 0 0 0 0 0 0 0 0 0 0 0 0
1 0.483484 0.473231 0.016625 0.030111 0 0 0 0 0 0 0 0 0 0 0 0
0 0.836943 0.913162 0.017698 0.029120 0 0 0 0 0 0 0 0 0 0 0 0
0 0.630990 0.196509 0.017698 0.029130 0 0 0 0 0 0 0 0 0 0 0 0
0 0.756318 0.110440 0.017698 0.029120 0 0 0 0 0 0 0 0 0 0 0 0
0 0.865250 0.227046 0.017698 0.029130 0 0 0 0 0 0 0 0 0 0 0 0
1 0.520404 0.466319 0.016620 0.030102 0 0 0 0 0 0 0 0 0 0 0 0
0 0.898240 0.484556 0.017698 0.029130 0 0 0 0 0 0 0 0 0 0 0 0
2 0.538112 0.497579 0.075391 0.132861 0.540687 0.431148 2 0.537859 0.564009 2 0.575807 0.499917 2 0.500417 0.493907 2
