1 0.802299 0.885579 0.018974 0.030843 0 0 0 0 0 0 0 0 0 0 0 0
1 0.762185 0.592616 0.020057 0.028917 0 0 0 0 0 0 0 0 0 0 0 0
1 0.676268 0.568282 0.019516 0.028435 0 0 0 0 0 0 0 0 0 0 0 0
1 0.618672 0.515519 0.017615 0.029870 0 0 0 0 0 0 0 0 0 0 0 0
1 0.463125 0.495921 0.016396 0.026231 0 0 0 0 0 0 0 0 0 0 0 0
1 0.292143 0.854361 0.016870 0.031648 0 0 0 0 0 0 0 0 0 0 0 0
1 0.457878 0.836454 0.017568 0.029981 0 0 0 0 0 0 0 0 0 0 0 0
1 0.623826 0.077259 0.016161 0.030815 0 0 0 0 0 0 0 0 0 0 0 0
1 0.199042 0.256644 0.017781 0.028380 0 0 0 0 0 0 0 0 0 0 0 0
0 0.391336 0.891620 0.017464 0.034889 0 0 0 0 0 0 0 0 0 0 0 0
0 0.535016 0.563370 0.016833 0.030593 0 0 0 0 0 0 0 0 0 0 0 0
1 0.488917 0.882681 0.018740 0.033324 0 0 0 0 0 0 0 0 0 0 0 0
1 0.289391 0.227935 0.019229 0.031611 0 0 0 0 0 0 0 0 0 0 0 0
1 0.275060 0.387588 0.018141 0.028380 0 0 0 0 0 0 0 0 0 0 0 0
2 0.498034 0.469236 0.080089 0.139380 0.498552 0.399546 2 0.497135 0.538926 2 0.538078 0.471120 2 0.457990 0.466065 2
