0 0.720979 0.096787 0.017698 0.029130 0 0 0 0 0 0 0 0 0 0 0 0
0 0.393891 0.471278 0.017698 0.029130 0 0 0 0 0 0 0 0 0 0 0 0
0 0.384755 0.440296 0.017698 0.029130 0 0 0 0 0 0 0 0 0 0 0 0
0 0.348370 0.541991 0.017698 0.029130 0 0 0 0 0 0 0 0 0 0 0 0
0 0.295240 0.292148 0.017698 0.029130 0 0 0 0 0 0 0 0 0 0 0 0
0 0.401281 0.221222 0.017698 0.029130 0 0 0 0 0 0 0 0 0 0 0 0
0 0.631562 0.196958 0.017698 0.029120 0 0 0 0 0 0 0 0 0 0 0 0
1 0.445112 0.200347 0.016620 0.030102 0 0 0 0 0 0 0 0 0 0 0 0
1 0.315414 0.360968 0.016620 0.030102 0 0 0 0 0 0 0 0 0 0 0 0
1 0.303758 0.666667 0.016620 0.030111 0 0 0 0 0 0 0 0 0 0 0 0
1 0.245466 0.720208 0.016620 0.030102 0 0 0 0 0 0 0 0 0 0 0 0
1 0.574805 0.909329 0.016620 0.030102 0 0 0 0 0 0 0 0 0 0 0 0
0 0.838224 0.917056 0.017698 0.029130 0 0 0 0 0 0 0 0 0 0 0 0
2 0.538112 0.497579 0.075391 0.132861 0.540687 0.431148 2 0.537859 0.564009 2 0.575807 0.499917 2 0.500417 0.493907 2
