1 0.819755 0.639838 0.018698 0.029398 0 0 0 0 0 0 0 0 0 0 0 0
1 0.456292 0.716213 0.017615 0.029870 0 0 0 0 0 0 0 0 0 0 0 0
1 0.396797 0.772106 0.017885 0.030843 0 0 0 0 0 0 0 0 0 0 0 0
1 0.377419 0.687782 0.018161 0.030843 0 0 0 0 0 0 0 0 0 0 0 0
1 0.319279 0.672120 0.018432 0.029389 0 0 0 0 0 0 0 0 0 0 0 0
1 0.469844 0.509255 0.017073 0.029398 0 0 0 0 0 0 0 0 0 0 0 0
1 0.470385 0.236769 0.017073 0.029870 0 0 0 0 0 0 0 0 0 0 0 0
1 0.665263 0.079690 0.018703 0.030843 0 0 0 0 0 0 0 0 0 0 0 0
1 0.423359 0.102815 0.018427 0.030833 0 0 0 0 0 0 0 0 0 0 0 0
1 0.176305 0.183046 0.020328 0.030352 0 0 0 0 0 0 0 0 0 0 0 0
1 0.171701 0.242792 0.020870 0.031324 0 0 0 0 0 0 0 0 0 0 0 0
0 0.547818 0.573213 0.017542 0.031722 0 0 0 0 0 0 0 0 0 0 0 0
1 0.248268 0.731389 0.019516 0.029389 0 0 0 0 0 0 0 0 0 0 0 0
0 0.690477 0.186565 0.017672 0.030796 0 0 0 0 0 0 0 0 0 0 0 0
2 0.498034 0.469236 0.080089 0.139380 0.498552 0.399546 2 0.497135 0.538926 2 0.538078 0.471120 2 0.457990 0.466065 2
