0 0.283578 0.844843 0.017698 0.029130 0 0 0 0 0 0 0 0 0 0 0 0
0 0.895247 0.486926 0.012318 0.029130 0 0 0 0 0 0 0 0 0 0 0 0
0 0.715073 0.485796 0.017698 0.029130 0 0 0 0 0 0 0 0 0 0 0 0
0 0.755505 0.111556 0.017698 0.029130 0 0 0 0 0 0 0 0 0 0 0 0
0 0.865505 0.267352 0.017698 0.029130 0 0 0 0 0 0 0 0 0 0 0 0
1 0.542747 0.384282 0.016620 0.030102 0 0 0 0 0 0 0 0 0 0 0 0
1 0.521857 0.465458 0.016620 0.030102 0 0 0 0 0 0 0 0 0 0 0 0
1 0.845370 0.135579 0.016625 0.030102 0 0 0 0 0 0 0 0 0 0 0 0
1 0.482029 0.474958 0.016620 0.030102 0 0 0 0 0 0 0 0 0 0 0 0
1 0.444625 0.200347 0.016625 0.030102 0 0 0 0 0 0 0 0 0 0 0 0
0 0.841891 0.909046 0.017698 0.029130 0 0 0 0 0 0 0 0 0 0 0 0
0 0.631953 0.196287 0.017698 0.029130 0 0 0 0 0 0 0 0 0 0 0 0
2 0.538112 0.497579 0.075391 0.132861 0.540687 0.431148 2 0.537859 0.564009 2 0.575807 0.499917 2 0.500417 0.493907 2
