1 0.370878 0.086463 0.016818 0.031722 0 0 0 0 0 0 0 0 0 0 0 0
1 0.595013 0.224259 0.016182 0.030685 0 0 0 0 0 0 0 0 0 0 0 0
0 0.380318 0.678079 0.017500 0.032657 0 0 0 0 0 0 0 0 0 0 0 0
1 0.776648 0.172500 0.018599 0.029870 0 0 0 0 0 0 0 0 0 0 0 0
1 0.801375 0.207306 0.018448 0.029574 0 0 0 0 0 0 0 0 0 0 0 0
1 0.660292 0.083352 0.017500 0.030481 0 0 0 0 0 0 0 0 0 0 0 0
1 0.507497 0.840528 0.016974 0.033593 0 0 0 0 0 0 0 0 0 0 0 0
1 0.747820 0.263588 0.018630 0.029880 0 0 0 0 0 0 0 0 0 0 0 0
1 0.732120 0.518407 0.018271 0.028741 0 0 0 0 0 0 0 0 0 0 0 0
2 0.498034 0.469236 0.080089 0.139380 0.498552 0.399546 2 0.497135 0.538926 2 0.538078 0.471120 2 0.457990 0.466065 2
