0 0.106419 0.519889 0.009818 0.029130 0 0 0 0 0 0 0 0 0 0 0 0
0 0.744818 0.132120 0.017698 0.029130 0 0 0 0 0 0 0 0 0 0 0 0
0 0.158031 0.088083 0.017698 0.029130 0 0 0 0 0 0 0 0 0 0 0 0
0 0.139474 0.724148 0.017698 0.029130 0 0 0 0 0 0 0 0 0 0 0 0
0 0.301292 0.511176 0.017698 0.029130 0 0 0 0 0 0 0 0 0 0 0 0
0 0.244531 0.889171 0.017698 0.029120 0 0 0 0 0 0 0 0 0 0 0 0
0 0.368089 0.802750 0.017698 0.029130 0 0 0 0 0 0 0 0 0 0 0 0
1 0.166289 0.881690 0.016620 0.030102 0 0 0 0 0 0 0 0 0 0 0 0
1 0.555378 0.800519 0.016620 0.030111 0 0 0 0 0 0 0 0 0 0 0 0
1 0.456284 0.616579 0.016620 0.030102 0 0 0 0 0 0 0 0 0 0 0 0
1 0.478143 0.534542 0.016620 0.030102 0 0 0 0 0 0 0 0 0 0 0 0
1 0.516516 0.528495 0.016625 0.030102 0 0 0 0 0 0 0 0 0 0 0 0
2 0.462628 0.503324 0.074214 0.127981 0.464099 0.439333 2 0.462313 0.567315 2 0.499734 0.506935 2 0.425521 0.500694 2
