0 0.838682 0.917537 0.017698 0.029130 0 0 0 0 0 0 0 0 0 0 0 0
0 0.480401 0.822204 0.017698 0.029130 0 0 0 0 0 0 0 0 0 0 0 0
1 0.429565 0.538861 0.016620 0.030111 0 0 0 0 0 0 0 0 0 0 0 0
1 0.444138 0.200347 0.016620 0.030102 0 0 0 0 0 0 0 0 0 0 0 0
1 0.626294 0.858375 0.016620 0.030102 0 0 0 0 0 0 0 0 0 0 0 0
1 0.378562 0.767704 0.016625 0.030111 0 0 0 0 0 0 0 0 0 0 0 0
0 0.362703 0.553731 0.017698 0.029130 0 0 0 0 0 0 0 0 0 0 0 0
0 0.294964 0.300620 0.017698 0.029130 0 0 0 0 0 0 0 0 0 0 0 0
0 0.631771 0.198037 0.017698 0.029130 0 0 0 0 0 0 0 0 0 0 0 0
0 0.563401 0.657222 0.017698 0.029130 0 0 0 0 0 0 0 0 0 0 0 0
0 0.517911 0.640954 0.017698 0.029130 0 0 0 0 0 0 0 0 0 0 0 0
1 0.617065 0.899829 0.016620 0.030102 0 0 0 0 0 0 0 0 0 0 0 0
0 0.763172 0.145630 0.017698 0.029130 0 0 0 0 0 0 0 0 0 0 0 0
2 0.538112 0.497579 0.075391 0.132861 0.540687 0.431148 2 0.537859 0.564009 2 0.575807 0.499917 2 0.500417 0.493907 2
