1 0.632125 0.429190 0.016625 0.030102 0 0 0 0 0 0 0 0 0 0 0 0
0 0.207237 0.886255 0.005974 0.024194 0 0 0 0 0 0 0 0 0 0 0 0
0 0.839438 0.905148 0.017698 0.029130 0 0 0 0 0 0 0 0 0 0 0 0
0 0.809177 0.923889 0.017698 0.029130 0 0 0 0 0 0 0 0 0 0 0 0
0 0.855250 0.897167 0.017698 0.029130 0 0 0 0 0 0 0 0 0 0 0 0
0 0.805859 0.743074 0.017698 0.029130 0 0 0 0 0 0 0 0 0 0 0 0
0 0.743781 0.809704 0.017698 0.029130 0 0 0 0 0 0 0 0 0 0 0 0
1 0.829341 0.924870 0.016620 0.030111 0 0 0 0 0 0 0 0 0 0 0 0
1 0.378076 0.126940 0.016620 0.030102 0 0 0 0 0 0 0 0 0 0 0 0
1 0.111398 0.867875 0.016620 0.030102 0 0 0 0 0 0 0 0 0 0 0 0
1 0.335815 0.896370 0.016620 0.030111 0 0 0 0 0 0 0 0 0 0 0 0
0 0.422547 0.468843 0.017698 0.029130 0 0 0 0 0 0 0 0 0 0 0 0
0 0.335250 0.147528 0.017698 0.029130 0 0 0 0 0 0 0 0 0 0 0 0
2 0.538112 0.497579 0.075391 0.132861 0.540687 0.431148 2 0.537859 0.564009 2 0.575807 0.499917 2 0.500417 0.493907 2
