0 0.582948 0.577648 0.017698 0.029130 0 0 0 0 0 0 0 0 0 0 0 0
0 0.549526 0.427704 0.017698 0.029130 0 0 0 0 0 0 0 0 0 0 0 0
1 0.413049 0.642486 0.016620 0.030102 0 0 0 0 0 0 0 0 0 0 0 0
1 0.432482 0.446458 0.016620 0.030102 0 0 0 0 0 0 0 0 0 0 0 0
1 0.521857 0.427463 0.016620 0.030111 0 0 0 0 0 0 0 0 0 0 0 0
1 0.518945 0.514681 0.016620 0.030102 0 0 0 0 0 0 0 0 0 0 0 0
1 0.800680 0.034542 0.016620 0.030102 0 0 0 0 0 0 0 0 0 0 0 0
0 0.546552 0.340907 0.017698 0.029130 0 0 0 0 0 0 0 0 0 0 0 0
0 0.277109 0.897019 0.017698 0.029130 0 0 0 0 0 0 0 0 0 0 0 0
0 0.347245 0.630222 0.017698 0.029130 0 0 0 0 0 0 0 0 0 0 0 0
2 0.456495 0.499537 0.071500 0.126778 0.458641 0.436148 2 0.456292 0.562926 2 0.492245 0.503546 2 0.420745 0.496907 2
