0 0.630125 0.441046 0.017698 0.029130 0 0 0 0 0 0 0 0 0 0 0 0
0 0.607995 0.452009 0.017698 0.029130 0 0 0 0 0 0 0 0 0 0 0 0
0 0.503495 0.466204 0.017698 0.029130 0 0 0 0 0 0 0 0 0 0 0 0
0 0.367063 0.803574 0.017698 0.029130 0 0 0 0 0 0 0 0 0 0 0 0
1 0.243523 0.100171 0.016620 0.030102 0 0 0 0 0 0 0 0 0 0 0 0
1 0.478143 0.534542 0.016620 0.030102 0 0 0 0 0 0 0 0 0 0 0 0
1 0.515060 0.527634 0.016620 0.030102 0 0 0 0 0 0 0 0 0 0 0 0
1 0.456284 0.615718 0.016620 0.030102 0 0 0 0 0 0 0 0 0 0 0 0
1 0.552945 0.801384 0.016620 0.030102 0 0 0 0 0 0 0 0 0 0 0 0
0 0.499141 0.206889 0.017698 0.029130 0 0 0 0 0 0 0 0 0 0 0 0
0 0.495510 0.095296 0.017698 0.029130 0 0 0 0 0 0 0 0 0 0 0 0
0 0.160604 0.084324 0.017698 0.029130 0 0 0 0 0 0 0 0 0 0 0 0
0 0.767281 0.439111 0.017698 0.029130 0 0 0 0 0 0 0 0 0 0 0 0
2 0.462628 0.503324 0.074214 0.127981 0.464099 0.439333 2 0.462313 0.567315 2 0.499734 0.506935 2 0.425521 0.500694 2
