1 0.303271 0.664074 0.016625 0.030111 0 0 0 0 0 0 0 0 0 0 0 0
1 0.779794 0.790153 0.016620 0.030102 0 0 0 0 0 0 0 0 0 0 0 0
1 0.574320 0.909329 0.016620 0.030102 0 0 0 0 0 0 0 0 0 0 0 0
0 0.467359 0.492458 0.017698 0.029120 0 0 0 0 0 0 0 0 0 0 0 0
0 0.354448 0.543685 0.017698 0.029130 0 0 0 0 0 0 0 0 0 0 0 0
0 0.419807 0.746907 0.017698 0.029130 0 0 0 0 0 0 0 0 0 0 0 0
0 0.410667 0.797722 0.017698 0.029130 0 0 0 0 0 0 0 0 0 0 0 0
0 0.837948 0.915991 0.017698 0.029130 0 0 0 0 0 0 0 0 0 0 0 0
0 0.827172 0.624472 0.017698 0.029130 0 0 0 0 0 0 0 0 0 0 0 0
0 0.631573 0.197194 0.017698 0.029130 0 0 0 0 0 0 0 0 0 0 0 0
0 0.723401 0.102657 0.017698 0.029130 0 0 0 0 0 0 0 0 0 0 0 0
1 0.510201 0.784111 0.016620 0.030111 0 0 0 0 0 0 0 0 0 0 0 0
1 0.284326 0.727116 0.016620 0.030102 0 0 0 0 0 0 0 0 0 0 0 0
2 0.538112 0.497579 0.075391 0.132861 0.540687 0.431148 2 0.537859 0.564009 2 0.575807 0.499917 2 0.500417 0.493907 2
