1 0.287060 0.801264 0.018036 0.029565 0 0 0 0 0 0 0 0 0 0 0 0
1 0.275112 0.388144 0.017568 0.029565 0 0 0 0 0 0 0 0 0 0 0 0
1 0.208820 0.357532 0.019911 0.029991 0 0 0 0 0 0 0 0 0 0 0 0
0 0.535083 0.563565 0.016948 0.031130 0 0 0 0 0 0 0 0 0 0 0 0
1 0.289755 0.226144 0.018271 0.031231 0 0 0 0 0 0 0 0 0 0 0 0
1 0.624271 0.077468 0.018271 0.031231 0 0 0 0 0 0 0 0 0 0 0 0
1 0.768216 0.337546 0.017578 0.029981 0 0 0 0 0 0 0 0 0 0 0 0
1 0.751003 0.537023 0.018276 0.030824 0 0 0 0 0 0 0 0 0 0 0 0
1 0.802888 0.884977 0.019443 0.030417 0 0 0 0 0 0 0 0 0 0 0 0
0 0.394336 0.882736 0.018036 0.034398 0 0 0 0 0 0 0 0 0 0 0 0
1 0.654138 0.599699 0.017099 0.028731 0 0 0 0 0 0 0 0 0 0 0 0
1 0.562193 0.830620 0.018271 0.032481 0 0 0 0 0 0 0 0 0 0 0 0
1 0.489456 0.883722 0.017099 0.030407 0 0 0 0 0 0 0 0 0 0 0 0
1 0.467203 0.514120 0.016167 0.027481 0 0 0 0 0 0 0 0 0 0 0 0
2 0.498034 0.469236 0.080089 0.139380 0.498552 0.399546 2 0.497135 0.538926 2 0.538078 0.471120 2 0.457990 0.466065 2
