1 0.361560 0.204662 0.016620 0.030102 0 0 0 0 0 0 0 0 0 0 0 0
1 0.737534 0.139898 0.016620 0.030111 0 0 0 0 0 0 0 0 0 0 0 0
1 0.606867 0.143352 0.016620 0.030111 0 0 0 0 0 0 0 0 0 0 0 0
1 0.231867 0.611398 0.016620 0.030111 0 0 0 0 0 0 0 0 0 0 0 0
1 0.211464 0.221069 0.016625 0.030102 0 0 0 0 0 0 0 0 0 0 0 0
0 0.275516 0.509167 0.017698 0.029130 0 0 0 0 0 0 0 0 0 0 0 0
0 0.214260 0.658546 0.017698 0.029130 0 0 0 0 0 0 0 0 0 0 0 0
0 0.360891 0.287519 0.017698 0.029130 0 0 0 0 0 0 0 0 0 0 0 0
0 0.399651 0.171394 0.017698 0.029120 0 0 0 0 0 0 0 0 0 0 0 0
0 0.325385 0.094296 0.017698 0.029130 0 0 0 0 0 0 0 0 0 0 0 0
0 0.311021 0.111648 0.017698 0.029130 0 0 0 0 0 0 0 0 0 0 0 0
0 0.726010 0.903380 0.017698 0.029130 0 0 0 0 0 0 0 0 0 0 0 0
0 0.738187 0.187083 0.017698 0.029130 0 0 0 0 0 0 0 0 0 0 0 0
2 0.462628 0.503324 0.074214 0.127981 0.464099 0.439333 2 0.462313 0.567315 2 0.499734 0.506935 2 0.425521 0.500694 2
