1 0.728789 0.316060 0.016620 0.030102 0 0 0 0 0 0 0 0 0 0 0 0
1 0.767164 0.189120 0.016620 0.030111 0 0 0 0 0 0 0 0 0 0 0 0
1 0.198346 0.087218 0.016620 0.030102 0 0 0 0 0 0 0 0 0 0 0 0
1 0.426164 0.445597 0.016620 0.030102 0 0 0 0 0 0 0 0 0 0 0 0
1 0.518458 0.305699 0.016625 0.030102 0 0 0 0 0 0 0 0 0 0 0 0
0 0.648219 0.438843 0.017698 0.029130 0 0 0 0 0 0 0 0 0 0 0 0
0 0.699646 0.869602 0.017698 0.029130 0 0 0 0 0 0 0 0 0 0 0 0
0 0.721016 0.782380 0.017698 0.029130 0 0 0 0 0 0 0 0 0 0 0 0
0 0.554891 0.125213 0.017698 0.029130 0 0 0 0 0 0 0 0 0 0 0 0
0 0.410135 0.088083 0.017698 0.029130 0 0 0 0 0 0 0 0 0 0 0 0
0 0.446568 0.303111 0.017698 0.029130 0 0 0 0 0 0 0 0 0 0 0 0
0 0.414995 0.477546 0.017698 0.029130 0 0 0 0 0 0 0 0 0 0 0 0
0 0.207094 0.723662 0.017698 0.029120 0 0 0 0 0 0 0 0 0 0 0 0
2 0.462628 0.503324 0.074214 0.127981 0.464099 0.439333 2 0.462313 0.567315 2 0.499734 0.506935 2 0.425521 0.500694 2
