1 0.564604 0.646806 0.016625 0.030111 0 0 0 0 0 0 0 0 0 0 0 0
1 0.285299 0.728843 0.016620 0.030111 0 0 0 0 0 0 0 0 0 0 0 0
0 0.452635 0.450204 0.017698 0.029130 0 0 0 0 0 0 0 0 0 0 0 0
0 0.456385 0.683000 0.017698 0.029130 0 0 0 0 0 0 0 0 0 0 0 0
0 0.442328 0.785028 0.017698 0.029130 0 0 0 0 0 0 0 0 0 0 0 0
0 0.747797 0.707986 0.017698 0.029120 0 0 0 0 0 0 0 0 0 0 0 0
0 0.838219 0.916213 0.017698 0.029130 0 0 0 0 0 0 0 0 0 0 0 0
0 0.722969 0.102463 0.017698 0.029130 0 0 0 0 0 0 0 0 0 0 0 0
0 0.632078 0.197417 0.017698 0.029130 0 0 0 0 0 0 0 0 0 0 0 0
1 0.302784 0.664074 0.016620 0.030111 0 0 0 0 0 0 0 0 0 0 0 0
0 0.353078 0.542241 0.017698 0.029130 0 0 0 0 0 0 0 0 0 0 0 0
1 0.664185 0.881690 0.016620 0.030102 0 0 0 0 0 0 0 0 0 0 0 0
1 0.574805 0.908463 0.016620 0.030111 0 0 0 0 0 0 0 0 0 0 0 0
2 0.538112 0.497579 0.075391 0.132861 0.540687 0.431148 2 0.537859 0.564009 2 0.575807 0.499917 2 0.500417 0.493907 2
