1 0.505544 0.838838 0.018151 0.031454 0 0 0 0 0 0 0 0 0 0 0 0
1 0.782833 0.350319 0.018750 0.030380 0 0 0 0 0 0 0 0 0 0 0 0
1 0.720221 0.400731 0.018755 0.028500 0 0 0 0 0 0 0 0 0 0 0 0
0 0.328753 0.574731 0.018422 0.030593 0 0 0 0 0 0 0 0 0 0 0 0
1 0.632732 0.589606 0.017245 0.027157 0 0 0 0 0 0 0 0 0 0 0 0
1 0.697456 0.123949 0.016734 0.029972 0 0 0 0 0 0 0 0 0 0 0 0
1 0.590276 0.175532 0.016208 0.028583 0 0 0 0 0 0 0 0 0 0 0 0
1 0.330776 0.267986 0.018146 0.028769 0 0 0 0 0 0 0 0 0 0 0 0
1 0.623997 0.240019 0.016474 0.028815 0 0 0 0 0 0 0 0 0 0 0 0
2 0.498034 0.469236 0.080089 0.139380 0.498552 0.399546 2 0.497135 0.538926 2 0.538078 0.471120 2 0.457990 0.466065 2
