1 0.666612 0.802245 0.016620 0.030102 0 0 0 0 0 0 0 0 0 0 0 0
1 0.466969 0.670120 0.016625 0.030111 0 0 0 0 0 0 0 0 0 0 0 0
1 0.673414 0.734884 0.016620 0.030102 0 0 0 0 0 0 0 0 0 0 0 0
0 0.363219 0.554588 0.017698 0.029120 0 0 0 0 0 0 0 0 0 0 0 0
0 0.294349 0.298472 0.017698 0.029130 0 0 0 0 0 0 0 0 0 0 0 0
0 0.631057 0.198074 0.017698 0.029130 0 0 0 0 0 0 0 0 0 0 0 0
0 0.766568 0.262324 0.017698 0.029130 0 0 0 0 0 0 0 0 0 0 0 0
0 0.838099 0.916204 0.017698 0.029130 0 0 0 0 0 0 0 0 0 0 0 0
0 0.558771 0.720204 0.017698 0.029130 0 0 0 0 0 0 0 0 0 0 0 0
1 0.514086 0.575130 0.016620 0.030111 0 0 0 0 0 0 0 0 0 0 0 0
1 0.444138 0.201208 0.016620 0.030102 0 0 0 0 0 0 0 0 0 0 0 0
0 0.583573 0.679602 0.017698 0.029130 0 0 0 0 0 0 0 0 0 0 0 0
0 0.627130 0.697620 0.017698 0.029130 0 0 0 0 0 0 0 0 0 0 0 0
2 0.538112 0.497579 0.075391 0.132861 0.540687 0.431148 2 0.537859 0.564009 2 0.575807 0.499917 2 0.500417 0.493907 2
