1 0.443654 0.202935 0.016620 0.030111 0 0 0 0 0 0 0 0 0 0 0 0
1 0.521372 0.468051 0.016620 0.030102 0 0 0 0 0 0 0 0 0 0 0 0
0 0.650260 0.559593 0.017698 0.029130 0 0 0 0 0 0 0 0 0 0 0 0
0 0.488495 0.815472 0.017698 0.029130 0 0 0 0 0 0 0 0 0 0 0 0
0 0.500589 0.728389 0.017698 0.029130 0 0 0 0 0 0 0 0 0 0 0 0
0 0.356656 0.120944 0.017698 0.029130 0 0 0 0 0 0 0 0 0 0 0 0
0 0.852250 0.167181 0.017698 0.029120 0 0 0 0 0 0 0 0 0 0 0 0
0 0.866766 0.217713 0.017698 0.029130 0 0 0 0 0 0 0 0 0 0 0 0
0 0.494542 0.426819 0.017698 0.029120 0 0 0 0 0 0 0 0 0 0 0 0
0 0.530219 0.701509 0.017698 0.029130 0 0 0 0 0 0 0 0 0 0 0 0
1 0.681185 0.914509 0.016620 0.030111 0 0 0 0 0 0 0 0 0 0 0 0
1 0.808451 0.887736 0.016620 0.030102 0 0 0 0 0 0 0 0 0 0 0 0
1 0.514570 0.366148 0.016620 0.030111 0 0 0 0 0 0 0 0 0 0 0 0
2 0.538112 0.497579 0.075391 0.132861 0.540687 0.431148 2 0.537859 0.564009 2 0.575807 0.499917 2 0.500417 0.493907 2
