1 0.482750 0.512560 0.016625 0.029546 0 0 0 0 0 0 0 0 0 0 0 0
1 0.571656 0.286491 0.017563 0.032333 0 0 0 0 0 0 0 0 0 0 0 0
1 0.624185 0.076866 0.018505 0.031213 0 0 0 0 0 0 0 0 0 0 0 0
0 0.386573 0.905579 0.019885 0.034769 0 0 0 0 0 0 0 0 0 0 0 0
1 0.563346 0.731944 0.017245 0.031222 0 0 0 0 0 0 0 0 0 0 0 0
1 0.607875 0.785468 0.017875 0.032343 0 0 0 0 0 0 0 0 0 0 0 0
0 0.535216 0.563801 0.018036 0.031139 0 0 0 0 0 0 0 0 0 0 0 0
1 0.627948 0.781565 0.017250 0.032333 0 0 0 0 0 0 0 0 0 0 0 0
1 0.808427 0.872718 0.020698 0.032898 0 0 0 0 0 0 0 0 0 0 0 0
1 0.268875 0.589500 0.017875 0.032889 0 0 0 0 0 0 0 0 0 0 0 0
1 0.240651 0.546292 0.017875 0.028991 0 0 0 0 0 0 0 0 0 0 0 0
1 0.204271 0.527338 0.018500 0.028991 0 0 0 0 0 0 0 0 0 0 0 0
1 0.245195 0.493884 0.018818 0.028991 0 0 0 0 0 0 0 0 0 0 0 0
1 0.408740 0.897245 0.017250 0.035120 0 0 0 0 0 0 0 0 0 0 0 0
2 0.498034 0.469236 0.080089 0.139380 0.498552 0.399546 2 0.497135 0.538926 2 0.538078 0.471120 2 0.457990 0.466065 2
