0 0.577849 0.382537 0.017698 0.029130 0 0 0 0 0 0 0 0 0 0 0 0
0 0.651005 0.688889 0.017698 0.029130 0 0 0 0 0 0 0 0 0 0 0 0
0 0.855849 0.207194 0.017698 0.029130 0 0 0 0 0 0 0 0 0 0 0 0
0 0.296599 0.232241 0.017698 0.029130 0 0 0 0 0 0 0 0 0 0 0 0
0 0.311229 0.631093 0.017698 0.029130 0 0 0 0 0 0 0 0 0 0 0 0
0 0.377885 0.755366 0.017698 0.029120 0 0 0 0 0 0 0 0 0 0 0 0
1 0.604435 0.531088 0.016620 0.030102 0 0 0 0 0 0 0 0 0 0 0 0
1 0.695758 0.778931 0.016620 0.030102 0 0 0 0 0 0 0 0 0 0 0 0
1 0.657383 0.897236 0.016620 0.030102 0 0 0 0 0 0 0 0 0 0 0 0
1 0.438310 0.218477 0.016620 0.030102 0 0 0 0 0 0 0 0 0 0 0 0
2 0.538112 0.497579 0.075391 0.132861 0.540687 0.431148 2 0.537859 0.564009 2 0.575807 0.499917 2 0.500417 0.493907 2
