0 0.367391 0.800519 0.017698 0.029130 0 0 0 0 0 0 0 0 0 0 0 0
0 0.245542 0.889324 0.017698 0.029130 0 0 0 0 0 0 0 0 0 0 0 0
0 0.135500 0.772241 0.017698 0.029130 0 0 0 0 0 0 0 0 0 0 0 0
0 0.101078 0.514931 0.017698 0.029120 0 0 0 0 0 0 0 0 0 0 0 0
1 0.457740 0.614852 0.016625 0.030111 0 0 0 0 0 0 0 0 0 0 0 0
1 0.479112 0.533681 0.016620 0.030102 0 0 0 0 0 0 0 0 0 0 0 0
1 0.516516 0.525042 0.016625 0.030102 0 0 0 0 0 0 0 0 0 0 0 0
1 0.553919 0.799653 0.016620 0.030102 0 0 0 0 0 0 0 0 0 0 0 0
1 0.132773 0.823833 0.016620 0.030111 0 0 0 0 0 0 0 0 0 0 0 0
0 0.654469 0.196028 0.017698 0.029130 0 0 0 0 0 0 0 0 0 0 0 0
0 0.274609 0.476685 0.017698 0.029130 0 0 0 0 0 0 0 0 0 0 0 0
2 0.462628 0.503324 0.074214 0.127981 0.464099 0.439333 2 0.462313 0.567315 2 0.499734 0.506935 2 0.425521 0.500694 2
