1 0.578117 0.914241 0.017818 0.032389 0 0 0 0 0 0 0 0 0 0 0 0
1 0.608589 0.907403 0.017615 0.032398 0 0 0 0 0 0 0 0 0 0 0 0
0 0.747841 0.840639 0.019318 0.032537 0 0 0 0 0 0 0 0 0 0 0 0
1 0.689065 0.882204 0.018630 0.033833 0 0 0 0 0 0 0 0 0 0 0 0
1 0.535701 0.912981 0.018016 0.032037 0 0 0 0 0 0 0 0 0 0 0 0
1 0.450870 0.785565 0.017615 0.031315 0 0 0 0 0 0 0 0 0 0 0 0
1 0.391547 0.902903 0.017208 0.032028 0 0 0 0 0 0 0 0 0 0 0 0
1 0.331680 0.269741 0.018224 0.032037 0 0 0 0 0 0 0 0 0 0 0 0
1 0.521771 0.093343 0.017812 0.032759 0 0 0 0 0 0 0 0 0 0 0 0
1 0.597187 0.075523 0.018427 0.033120 0 0 0 0 0 0 0 0 0 0 0 0
1 0.622596 0.119796 0.018224 0.033111 0 0 0 0 0 0 0 0 0 0 0 0
1 0.806419 0.199718 0.018161 0.031324 0 0 0 0 0 0 0 0 0 0 0 0
1 0.730901 0.496602 0.019594 0.031611 0 0 0 0 0 0 0 0 0 0 0 0
2 0.498336 0.469236 0.079484 0.139380 0.498552 0.399546 2 0.497135 0.538926 2 0.538078 0.471120 2 0.458594 0.465796 2
