0 0.172120 0.730574 0.017698 0.029130 0 0 0 0 0 0 0 0 0 0 0 0
0 0.235750 0.572537 0.017698 0.029130 0 0 0 0 0 0 0 0 0 0 0 0
0 0.369063 0.189389 0.017698 0.029130 0 0 0 0 0 0 0 0 0 0 0 0
0 0.440125 0.122306 0.017698 0.029130 0 0 0 0 0 0 0 0 0 0 0 0
0 0.398547 0.158259 0.017698 0.029130 0 0 0 0 0 0 0 0 0 0 0 0
0 0.738505 0.186528 0.017698 0.029130 0 0 0 0 0 0 0 0 0 0 0 0
1 0.208065 0.663213 0.016620 0.030111 0 0 0 0 0 0 0 0 0 0 0 0
1 0.191549 0.191708 0.016620 0.030102 0 0 0 0 0 0 0 0 0 0 0 0
1 0.362534 0.215889 0.016620 0.030111 0 0 0 0 0 0 0 0 0 0 0 0
1 0.738018 0.139898 0.016620 0.030111 0 0 0 0 0 0 0 0 0 0 0 0
1 0.606867 0.143352 0.016620 0.030111 0 0 0 0 0 0 0 0 0 0 0 0
0 0.382734 0.262491 0.017698 0.029130 0 0 0 0 0 0 0 0 0 0 0 0
0 0.712271 0.912778 0.017698 0.029130 0 0 0 0 0 0 0 0 0 0 0 0
2 0.462628 0.503324 0.074214 0.127981 0.464099 0.439333 2 0.462313 0.567315 2 0.499734 0.506935 2 0.425521 0.500694 2
