1 0.280440 0.756477 0.016620 0.030102 0 0 0 0 0 0 0 0 0 0 0 0
1 0.251294 0.707255 0.016620 0.030102 0 0 0 0 0 0 0 0 0 0 0 0
1 0.801164 0.031088 0.016620 0.030102 0 0 0 0 0 0 0 0 0 0 0 0
1 0.413049 0.641625 0.016620 0.030102 0 0 0 0 0 0 0 0 0 0 0 0
1 0.431995 0.448185 0.016625 0.030111 0 0 0 0 0 0 0 0 0 0 0 0
0 0.276984 0.896889 0.017698 0.029130 0 0 0 0 0 0 0 0 0 0 0 0
0 0.143359 0.101352 0.017698 0.029130 0 0 0 0 0 0 0 0 0 0 0 0
0 0.159083 0.081111 0.017698 0.029130 0 0 0 0 0 0 0 0 0 0 0 0
0 0.309781 0.193870 0.017698 0.029130 0 0 0 0 0 0 0 0 0 0 0 0
0 0.351250 0.190981 0.017698 0.029130 0 0 0 0 0 0 0 0 0 0 0 0
0 0.542875 0.429009 0.017698 0.029130 0 0 0 0 0 0 0 0 0 0 0 0
0 0.546125 0.340833 0.017698 0.029130 0 0 0 0 0 0 0 0 0 0 0 0
2 0.457906 0.500639 0.071500 0.126778 0.460052 0.437250 2 0.457703 0.564028 2 0.493656 0.504648 2 0.422156 0.498009 2
