1 0.689768 0.882097 0.018745 0.032065 0 0 0 0 0 0 0 0 0 0 0 0
0 0.747495 0.840153 0.018260 0.032287 0 0 0 0 0 0 0 0 0 0 0 0
1 0.592083 0.912495 0.019208 0.034565 0 0 0 0 0 0 0 0 0 0 0 0
1 0.545938 0.869398 0.018271 0.034148 0 0 0 0 0 0 0 0 0 0 0 0
1 0.450711 0.785273 0.017099 0.030824 0 0 0 0 0 0 0 0 0 0 0 0
1 0.391562 0.902296 0.018271 0.032481 0 0 0 0 0 0 0 0 0 0 0 0
1 0.276542 0.816301 0.019208 0.032898 0 0 0 0 0 0 0 0 0 0 0 0
1 0.221961 0.825458 0.019214 0.032898 0 0 0 0 0 0 0 0 0 0 0 0
1 0.177336 0.900630 0.020849 0.033315 0 0 0 0 0 0 0 0 0 0 0 0
1 0.217628 0.671583 0.019443 0.032481 0 0 0 0 0 0 0 0 0 0 0 0
1 0.172565 0.224819 0.021141 0.032769 0 0 0 0 0 0 0 0 0 0 0 0
1 0.597151 0.074486 0.017615 0.032769 0 0 0 0 0 0 0 0 0 0 0 0
2 0.498336 0.469236 0.079484 0.139380 0.498552 0.399546 2 0.497135 0.538926 2 0.538078 0.471120 2 0.458594 0.465796 2
