0 0.578177 0.709537 0.017698 0.029130 0 0 0 0 0 0 0 0 0 0 0 0
0 0.261948 0.813648 0.017698 0.029130 0 0 0 0 0 0 0 0 0 0 0 0
0 0.812510 0.364912 0.017698 0.029120 0 0 0 0 0 0 0 0 0 0 0 0
0 0.763234 0.878898 0.017698 0.029130 0 0 0 0 0 0 0 0 0 0 0 0
0 0.254552 0.139074 0.017698 0.029130 0 0 0 0 0 0 0 0 0 0 0 0
0 0.688083 0.626944 0.017698 0.029130 0 0 0 0 0 0 0 0 0 0 0 0
1 0.471826 0.894644 0.016620 0.030102 0 0 0 0 0 0 0 0 0 0 0 0
1 0.393133 0.855787 0.016620 0.030111 0 0 0 0 0 0 0 0 0 0 0 0
1 0.256154 0.705528 0.016620 0.030111 0 0 0 0 0 0 0 0 0 0 0 0
1 0.261497 0.861829 0.016620 0.030102 0 0 0 0 0 0 0 0 0 0 0 0
2 0.538112 0.497579 0.075391 0.132861 0.540687 0.431148 2 0.537859 0.564009 2 0.575807 0.499917 2 0.500417 0.493907 2
