1 0.513885 0.075509 0.015969 0.032259 0 0 0 0 0 0 0 0 0 0 0 0
1 0.642333 0.151949 0.018865 0.032898 0 0 0 0 0 0 0 0 0 0 0 0
1 0.516245 0.144208 0.017781 0.031602 0 0 0 0 0 0 0 0 0 0 0 0
1 0.518422 0.211296 0.019229 0.031611 0 0 0 0 0 0 0 0 0 0 0 0
1 0.480141 0.225486 0.017417 0.032898 0 0 0 0 0 0 0 0 0 0 0 0
1 0.507716 0.360949 0.015964 0.030324 0 0 0 0 0 0 0 0 0 0 0 0
1 0.470344 0.508671 0.017417 0.032898 0 0 0 0 0 0 0 0 0 0 0 0
1 0.388703 0.556083 0.017417 0.030963 0 0 0 0 0 0 0 0 0 0 0 0
1 0.248461 0.730889 0.019234 0.034833 0 0 0 0 0 0 0 0 0 0 0 0
1 0.455828 0.715412 0.018865 0.033546 0 0 0 0 0 0 0 0 0 0 0 0
1 0.820128 0.639616 0.021047 0.035472 0 0 0 0 0 0 0 0 0 0 0 0
0 0.670516 0.262593 0.017844 0.031185 0 0 0 0 0 0 0 0 0 0 0 0
0 0.548242 0.573532 0.018297 0.030380 0 0 0 0 0 0 0 0 0 0 0 0
1 0.238617 0.078676 0.019911 0.031241 0 0 0 0 0 0 0 0 0 0 0 0
2 0.497971 0.469829 0.080089 0.139380 0.498484 0.400139 2 0.497073 0.539519 2 0.538016 0.471713 2 0.457927 0.466657 2
