1 0.563732 0.733171 0.016536 0.030843 0 0 0 0 0 0 0 0 0 0 0 0
1 0.623497 0.076259 0.017807 0.030815 0 0 0 0 0 0 0 0 0 0 0 0
1 0.486693 0.213065 0.016396 0.029574 0 0 0 0 0 0 0 0 0 0 0 0
1 0.482341 0.511560 0.015682 0.028991 0 0 0 0 0 0 0 0 0 0 0 0
1 0.215310 0.510727 0.019755 0.028435 0 0 0 0 0 0 0 0 0 0 0 0
1 0.235065 0.522991 0.019130 0.030667 0 0 0 0 0 0 0 0 0 0 0 0
1 0.277716 0.554486 0.019755 0.030102 0 0 0 0 0 0 0 0 0 0 0 0
1 0.234753 0.621111 0.019755 0.029556 0 0 0 0 0 0 0 0 0 0 0 0
1 0.457346 0.893389 0.017891 0.030352 0 0 0 0 0 0 0 0 0 0 0 0
1 0.577419 0.792199 0.017891 0.032287 0 0 0 0 0 0 0 0 0 0 0 0
1 0.626341 0.776296 0.018161 0.032278 0 0 0 0 0 0 0 0 0 0 0 0
1 0.809971 0.862065 0.018432 0.030352 0 0 0 0 0 0 0 0 0 0 0 0
0 0.400076 0.914546 0.018172 0.033926 0 0 0 0 0 0 0 0 0 0 0 0
0 0.535034 0.563431 0.018036 0.031602 0 0 0 0 0 0 0 0 0 0 0 0
2 0.498034 0.469236 0.080089 0.139380 0.498552 0.399546 2 0.497135 0.538926 2 0.538078 0.471120 2 0.457990 0.466065 2
