1 0.507844 0.841060 0.017073 0.034213 0 0 0 0 0 0 0 0 0 0 0 0
1 0.729034 0.248000 0.019234 0.031315 0 0 0 0 0 0 0 0 0 0 0 0
1 0.697326 0.139634 0.017776 0.031843 0 0 0 0 0 0 0 0 0 0 0 0
1 0.681247 0.148116 0.016995 0.030213 0 0 0 0 0 0 0 0 0 0 0 0
1 0.657393 0.141727 0.017120 0.029509 0 0 0 0 0 0 0 0 0 0 0 0
1 0.591646 0.215505 0.017646 0.031602 0 0 0 0 0 0 0 0 0 0 0 0
1 0.383089 0.072875 0.016937 0.031991 0 0 0 0 0 0 0 0 0 0 0 0
0 0.376010 0.667157 0.018198 0.030796 0 0 0 0 0 0 0 0 0 0 0 0
1 0.787138 0.488796 0.019234 0.030593 0 0 0 0 0 0 0 0 0 0 0 0
2 0.497367 0.470366 0.079484 0.139380 0.497578 0.400676 2 0.496161 0.540056 2 0.537109 0.472250 2 0.457625 0.466926 2
