0 0.253896 0.484639 0.017698 0.029130 0 0 0 0 0 0 0 0 0 0 0 0
0 0.838812 0.917278 0.017698 0.029130 0 0 0 0 0 0 0 0 0 0 0 0
0 0.500698 0.796704 0.017698 0.029130 0 0 0 0 0 0 0 0 0 0 0 0
0 0.490172 0.879130 0.017698 0.029130 0 0 0 0 0 0 0 0 0 0 0 0
0 0.396432 0.564907 0.017698 0.029130 0 0 0 0 0 0 0 0 0 0 0 0
0 0.466885 0.498315 0.017698 0.029130 0 0 0 0 0 0 0 0 0 0 0 0
0 0.353104 0.549787 0.017698 0.029130 0 0 0 0 0 0 0 0 0 0 0 0
0 0.632099 0.197417 0.017698 0.029130 0 0 0 0 0 0 0 0 0 0 0 0
1 0.446081 0.200347 0.016620 0.030102 0 0 0 0 0 0 0 0 0 0 0 0
1 0.542747 0.383417 0.016620 0.030111 0 0 0 0 0 0 0 0 0 0 0 0
1 0.521372 0.466319 0.016620 0.030102 0 0 0 0 0 0 0 0 0 0 0 0
1 0.485914 0.467185 0.016620 0.030111 0 0 0 0 0 0 0 0 0 0 0 0
1 0.724904 0.863560 0.016620 0.030102 0 0 0 0 0 0 0 0 0 0 0 0
2 0.538112 0.497579 0.075391 0.132861 0.540687 0.431148 2 0.537859 0.564009 2 0.575807 0.499917 2 0.500417 0.493907 2
