0 0.443849 0.276852 0.017698 0.029130 0 0 0 0 0 0 0 0 0 0 0 0
0 0.588620 0.244787 0.017698 0.029130 0 0 0 0 0 0 0 0 0 0 0 0
0 0.408193 0.088944 0.017698 0.029130 0 0 0 0 0 0 0 0 0 0 0 0
0 0.212922 0.733157 0.017698 0.029130 0 0 0 0 0 0 0 0 0 0 0 0
1 0.726846 0.277199 0.016620 0.030102 0 0 0 0 0 0 0 0 0 0 0 0
1 0.478628 0.247843 0.016620 0.030111 0 0 0 0 0 0 0 0 0 0 0 0
0 0.711604 0.783676 0.017698 0.029130 0 0 0 0 0 0 0 0 0 0 0 0
0 0.664281 0.885704 0.017698 0.029130 0 0 0 0 0 0 0 0 0 0 0 0
1 0.761820 0.189120 0.016620 0.030111 0 0 0 0 0 0 0 0 0 0 0 0
0 0.646479 0.440519 0.017698 0.029130 0 0 0 0 0 0 0 0 0 0 0 0
1 0.200289 0.082037 0.016620 0.030111 0 0 0 0 0 0 0 0 0 0 0 0
1 0.426164 0.446458 0.016620 0.030102 0 0 0 0 0 0 0 0 0 0 0 0
0 0.414099 0.476750 0.017698 0.029130 0 0 0 0 0 0 0 0 0 0 0 0
2 0.462628 0.503324 0.074214 0.127981 0.464099 0.439333 2 0.462313 0.567315 2 0.499734 0.506935 2 0.425521 0.500694 2
