1 0.455794 0.715889 0.016620 0.030111 0 0 0 0 0 0 0 0 0 0 0 0
1 0.819138 0.641625 0.016620 0.030102 0 0 0 0 0 0 0 0 0 0 0 0
1 0.678268 0.093264 0.016620 0.030102 0 0 0 0 0 0 0 0 0 0 0 0
1 0.251781 0.372194 0.016625 0.030111 0 0 0 0 0 0 0 0 0 0 0 0
1 0.381477 0.551810 0.016620 0.030102 0 0 0 0 0 0 0 0 0 0 0 0
1 0.479596 0.496546 0.016620 0.030111 0 0 0 0 0 0 0 0 0 0 0 0
1 0.177461 0.177894 0.016620 0.030102 0 0 0 0 0 0 0 0 0 0 0 0
1 0.247896 0.732296 0.016625 0.030111 0 0 0 0 0 0 0 0 0 0 0 0
1 0.360102 0.879102 0.016620 0.030111 0 0 0 0 0 0 0 0 0 0 0 0
0 0.547854 0.573093 0.017698 0.029130 0 0 0 0 0 0 0 0 0 0 0 0
0 0.688906 0.129176 0.017698 0.029130 0 0 0 0 0 0 0 0 0 0 0 0
1 0.458227 0.308292 0.016620 0.030102 0 0 0 0 0 0 0 0 0 0 0 0
1 0.424221 0.099310 0.016620 0.030102 0 0 0 0 0 0 0 0 0 0 0 0
1 0.173576 0.214162 0.016620 0.030102 0 0 0 0 0 0 0 0 0 0 0 0
2 0.496833 0.468532 0.075385 0.132861 0.499411 0.402102 2 0.496583 0.534963 2 0.534526 0.470861 2 0.459141 0.464861 2
