1 0.587919 0.357514 0.016620 0.030102 0 0 0 0 0 0 0 0 0 0 0 0
1 0.479596 0.576856 0.016620 0.030102 0 0 0 0 0 0 0 0 0 0 0 0
1 0.197862 0.965458 0.016620 0.030102 0 0 0 0 0 0 0 0 0 0 0 0
0 0.453802 0.658417 0.017698 0.029130 0 0 0 0 0 0 0 0 0 0 0 0
0 0.450536 0.573407 0.017698 0.029130 0 0 0 0 0 0 0 0 0 0 0 0
0 0.416656 0.422944 0.017698 0.029130 0 0 0 0 0 0 0 0 0 0 0 0
0 0.652521 0.369565 0.017698 0.029130 0 0 0 0 0 0 0 0 0 0 0 0
0 0.722865 0.102324 0.017698 0.029130 0 0 0 0 0 0 0 0 0 0 0 0
1 0.568492 0.553542 0.016620 0.030102 0 0 0 0 0 0 0 0 0 0 0 0
1 0.480086 0.486181 0.016620 0.030102 0 0 0 0 0 0 0 0 0 0 0 0
2 0.542503 0.498926 0.075391 0.132870 0.545078 0.432491 2 0.542250 0.565361 2 0.580198 0.501259 2 0.504807 0.495250 2
