1 0.207378 0.612301 0.019130 0.030102 0 0 0 0 0 0 0 0 0 0 0 0
1 0.222898 0.071509 0.021328 0.031222 0 0 0 0 0 0 0 0 0 0 0 0
1 0.654573 0.138972 0.017875 0.032333 0 0 0 0 0 0 0 0 0 0 0 0
1 0.538227 0.163778 0.015995 0.031778 0 0 0 0 0 0 0 0 0 0 0 0
1 0.507336 0.361421 0.016932 0.032343 0 0 0 0 0 0 0 0 0 0 0 0
1 0.553906 0.372014 0.017250 0.031213 0 0 0 0 0 0 0 0 0 0 0 0
1 0.469862 0.508324 0.016620 0.030667 0 0 0 0 0 0 0 0 0 0 0 0
1 0.456534 0.724644 0.016932 0.032898 0 0 0 0 0 0 0 0 0 0 0 0
1 0.410906 0.770079 0.017875 0.032343 0 0 0 0 0 0 0 0 0 0 0 0
1 0.423604 0.911407 0.018187 0.032889 0 0 0 0 0 0 0 0 0 0 0 0
1 0.819370 0.639898 0.020073 0.031778 0 0 0 0 0 0 0 0 0 0 0 0
0 0.548128 0.573370 0.017672 0.030796 0 0 0 0 0 0 0 0 0 0 0 0
0 0.164065 0.898838 0.019214 0.032528 0 0 0 0 0 0 0 0 0 0 0 0
2 0.498336 0.469236 0.079484 0.139380 0.498552 0.399546 2 0.497135 0.538926 2 0.538078 0.471120 2 0.458594 0.465796 2
