0 0.642323 0.879102 0.017698 0.029130 0 0 0 0 0 0 0 0 0 0 0 0
1 0.479112 0.531949 0.016620 0.030102 0 0 0 0 0 0 0 0 0 0 0 0
1 0.555375 0.798792 0.016625 0.030102 0 0 0 0 0 0 0 0 0 0 0 0
1 0.365932 0.500000 0.016625 0.030111 0 0 0 0 0 0 0 0 0 0 0 0
0 0.762307 0.367875 0.017698 0.029120 0 0 0 0 0 0 0 0 0 0 0 0
0 0.622411 0.127806 0.017698 0.029130 0 0 0 0 0 0 0 0 0 0 0 0
0 0.564120 0.234028 0.017698 0.029130 0 0 0 0 0 0 0 0 0 0 0 0
0 0.468427 0.107944 0.017698 0.029130 0 0 0 0 0 0 0 0 0 0 0 0
0 0.372734 0.315194 0.017698 0.029130 0 0 0 0 0 0 0 0 0 0 0 0
0 0.146375 0.405870 0.017698 0.029130 0 0 0 0 0 0 0 0 0 0 0 0
1 0.527687 0.279792 0.016625 0.030102 0 0 0 0 0 0 0 0 0 0 0 0
1 0.768133 0.433505 0.016620 0.030102 0 0 0 0 0 0 0 0 0 0 0 0
2 0.462628 0.503324 0.074214 0.127981 0.464099 0.439333 2 0.462313 0.567315 2 0.499734 0.506935 2 0.425521 0.500694 2
