0 0.335219 0.114750 0.017698 0.029130 0 0 0 0 0 0 0 0 0 0 0 0
0 0.411320 0.756597 0.011557 0.015065 0 0 0 0 0 0 0 0 0 0 0 0
0 0.353779 0.558278 0.012453 0.019407 0 0 0 0 0 0 0 0 0 0 0 0
1 0.575289 0.554403 0.016620 0.030102 0 0 0 0 0 0 0 0 0 0 0 0
1 0.238664 0.810880 0.016620 0.030111 0 0 0 0 0 0 0 0 0 0 0 0
1 0.273638 0.725389 0.016620 0.030111 0 0 0 0 0 0 0 0 0 0 0 0
1 0.799221 0.919690 0.016620 0.030102 0 0 0 0 0 0 0 0 0 0 0 0
1 0.521857 0.751296 0.016620 0.030111 0 0 0 0 0 0 0 0 0 0 0 0
0 0.555818 0.726741 0.017698 0.029130 0 0 0 0 0 0 0 0 0 0 0 0
0 0.590479 0.910750 0.017698 0.029130 0 0 0 0 0 0 0 0 0 0 0 0
0 0.584859 0.524407 0.017698 0.029130 0 0 0 0 0 0 0 0 0 0 0 0
0 0.786719 0.264620 0.017698 0.029130 0 0 0 0 0 0 0 0 0 0 0 0
0 0.286979 0.218833 0.017698 0.029130 0 0 0 0 0 0 0 0 0 0 0 0
2 0.538112 0.497579 0.075391 0.132861 0.540687 0.431148 2 0.537859 0.564009 2 0.575807 0.499917 2 0.500417 0.493907 2
