1 0.758419 0.282384 0.016620 0.030102 0 0 0 0 0 0 0 0 0 0 0 0
1 0.719560 0.241796 0.016620 0.030111 0 0 0 0 0 0 0 0 0 0 0 0
1 0.567034 0.552676 0.016620 0.030111 0 0 0 0 0 0 0 0 0 0 0 0
1 0.198836 0.968912 0.016620 0.030102 0 0 0 0 0 0 0 0 0 0 0 0
0 0.453995 0.659657 0.017698 0.029130 0 0 0 0 0 0 0 0 0 0 0 0
1 0.587919 0.358375 0.016620 0.030102 0 0 0 0 0 0 0 0 0 0 0 0
0 0.649573 0.808310 0.017698 0.029120 0 0 0 0 0 0 0 0 0 0 0 0
0 0.459255 0.572194 0.017698 0.029130 0 0 0 0 0 0 0 0 0 0 0 0
0 0.723099 0.103546 0.017698 0.029130 0 0 0 0 0 0 0 0 0 0 0 0
0 0.688646 0.805787 0.017698 0.029130 0 0 0 0 0 0 0 0 0 0 0 0
2 0.543669 0.499491 0.075391 0.130537 0.544286 0.434222 2 0.540281 0.564759 2 0.581365 0.501352 2 0.505974 0.495352 2
