1 0.278982 0.563037 0.016620 0.030111 0 0 0 0 0 0 0 0 0 0 0 0
0 0.790734 0.291907 0.017698 0.029130 0 0 0 0 0 0 0 0 0 0 0 0
0 0.533870 0.204241 0.017698 0.029130 0 0 0 0 0 0 0 0 0 0 0 0
0 0.294344 0.226398 0.017698 0.029130 0 0 0 0 0 0 0 0 0 0 0 0
0 0.590078 0.541380 0.017698 0.029130 0 0 0 0 0 0 0 0 0 0 0 0
0 0.659380 0.586843 0.017698 0.029130 0 0 0 0 0 0 0 0 0 0 0 0
0 0.562161 0.692685 0.017698 0.029130 0 0 0 0 0 0 0 0 0 0 0 0
0 0.590271 0.912370 0.017698 0.029130 0 0 0 0 0 0 0 0 0 0 0 0
1 0.814768 0.909329 0.016620 0.030102 0 0 0 0 0 0 0 0 0 0 0 0
1 0.593263 0.794472 0.016620 0.030111 0 0 0 0 0 0 0 0 0 0 0 0
1 0.254695 0.820380 0.016620 0.030111 0 0 0 0 0 0 0 0 0 0 0 0
0 0.352474 0.558287 0.013073 0.021389 0 0 0 0 0 0 0 0 0 0 0 0
1 0.573346 0.564764 0.016620 0.030102 0 0 0 0 0 0 0 0 0 0 0 0
2 0.537594 0.495792 0.075385 0.132861 0.540172 0.429361 2 0.537344 0.562222 2 0.575286 0.498120 2 0.499901 0.492111 2
