0 0.825594 0.862750 0.017698 0.029130 0 0 0 0 0 0 0 0 0 0 0 0
1 0.315901 0.851468 0.016625 0.030102 0 0 0 0 0 0 0 0 0 0 0 0
1 0.110914 0.867875 0.016620 0.030102 0 0 0 0 0 0 0 0 0 0 0 0
1 0.438310 0.130398 0.016620 0.030111 0 0 0 0 0 0 0 0 0 0 0 0
1 0.555862 0.409329 0.016620 0.030102 0 0 0 0 0 0 0 0 0 0 0 0
1 0.823997 0.911917 0.016620 0.030111 0 0 0 0 0 0 0 0 0 0 0 0
0 0.375750 0.172574 0.017698 0.029130 0 0 0 0 0 0 0 0 0 0 0 0
0 0.422083 0.467833 0.017698 0.029130 0 0 0 0 0 0 0 0 0 0 0 0
0 0.833599 0.677083 0.017698 0.029130 0 0 0 0 0 0 0 0 0 0 0 0
0 0.801193 0.914111 0.017698 0.029130 0 0 0 0 0 0 0 0 0 0 0 0
0 0.811344 0.874898 0.017698 0.029130 0 0 0 0 0 0 0 0 0 0 0 0
0 0.851167 0.881491 0.017698 0.029130 0 0 0 0 0 0 0 0 0 0 0 0
2 0.538112 0.497579 0.075391 0.132861 0.540687 0.431148 2 0.537859 0.564009 2 0.575807 0.499917 2 0.500417 0.493907 2
