1 0.802023 0.886681 0.018974 0.030398 0 0 0 0 0 0 0 0 0 0 0 0
0 0.391656 0.879259 0.017510 0.033333 0 0 0 0 0 0 0 0 0 0 0 0
1 0.733622 0.564551 0.018036 0.029991 0 0 0 0 0 0 0 0 0 0 0 0
1 0.635349 0.609319 0.017802 0.031231 0 0 0 0 0 0 0 0 0 0 0 0
1 0.579878 0.819755 0.018422 0.032398 0 0 0 0 0 0 0 0 0 0 0 0
1 0.488771 0.883468 0.017615 0.031676 0 0 0 0 0 0 0 0 0 0 0 0
1 0.290089 0.796921 0.018156 0.029880 0 0 0 0 0 0 0 0 0 0 0 0
1 0.467484 0.515037 0.016802 0.029870 0 0 0 0 0 0 0 0 0 0 0 0
1 0.783411 0.265319 0.019031 0.031676 0 0 0 0 0 0 0 0 0 0 0 0
1 0.623974 0.076894 0.016396 0.034194 0 0 0 0 0 0 0 0 0 0 0 0
1 0.289708 0.226264 0.017208 0.029880 0 0 0 0 0 0 0 0 0 0 0 0
1 0.194854 0.322366 0.019031 0.031306 0 0 0 0 0 0 0 0 0 0 0 0
1 0.274987 0.387523 0.016693 0.030324 0 0 0 0 0 0 0 0 0 0 0 0
0 0.535010 0.563810 0.016708 0.029861 0 0 0 0 0 0 0 0 0 0 0 0
2 0.498034 0.469236 0.080089 0.139380 0.498552 0.399546 2 0.497135 0.538926 2 0.538078 0.471120 2 0.457990 0.466065 2
