1 0.344125 0.715431 0.018042 0.030398 0 0 0 0 0 0 0 0 0 0 0 0
1 0.252062 0.753954 0.018042 0.032481 0 0 0 0 0 0 0 0 0 0 0 0
1 0.301492 0.494296 0.018505 0.032074 0 0 0 0 0 0 0 0 0 0 0 0
1 0.188029 0.130569 0.019755 0.033250 0 0 0 0 0 0 0 0 0 0 0 0
0 0.545216 0.576116 0.016786 0.030657 0 0 0 0 0 0 0 0 0 0 0 0
1 0.795885 0.899296 0.019677 0.034981 0 0 0 0 0 0 0 0 0 0 0 0
1 0.765901 0.623810 0.019208 0.032065 0 0 0 0 0 0 0 0 0 0 0 0
1 0.590560 0.763949 0.017568 0.032491 0 0 0 0 0 0 0 0 0 0 0 0
1 0.573344 0.904505 0.018271 0.033731 0 0 0 0 0 0 0 0 0 0 0 0
1 0.553911 0.868065 0.017823 0.033315 0 0 0 0 0 0 0 0 0 0 0 0
1 0.407372 0.738130 0.017099 0.033315 0 0 0 0 0 0 0 0 0 0 0 0
1 0.382544 0.700023 0.017099 0.031231 0 0 0 0 0 0 0 0 0 0 0 0
2 0.498336 0.469236 0.079484 0.139380 0.498552 0.399546 2 0.497135 0.538926 2 0.538078 0.471120 2 0.458594 0.465796 2
