0 0.477359 0.648731 0.017865 0.032111 0 0 0 0 0 0 0 0 0 0 0 0
0 0.236424 0.634296 0.018755 0.032537 0 0 0 0 0 0 0 0 0 0 0 0
1 0.468984 0.515574 0.017562 0.029556 0 0 0 0 0 0 0 0 0 0 0 0
1 0.600224 0.809944 0.017875 0.030667 0 0 0 0 0 0 0 0 0 0 0 0
1 0.309828 0.914199 0.017875 0.034009 0 0 0 0 0 0 0 0 0 0 0 0
1 0.294932 0.786806 0.017563 0.032333 0 0 0 0 0 0 0 0 0 0 0 0
1 0.190190 0.789032 0.019443 0.033454 0 0 0 0 0 0 0 0 0 0 0 0
1 0.299638 0.745269 0.018193 0.031778 0 0 0 0 0 0 0 0 0 0 0 0
1 0.794440 0.606398 0.019245 0.029389 0 0 0 0 0 0 0 0 0 0 0 0
1 0.818427 0.560620 0.018427 0.030352 0 0 0 0 0 0 0 0 0 0 0 0
1 0.263258 0.634324 0.019443 0.032889 0 0 0 0 0 0 0 0 0 0 0 0
1 0.246482 0.341069 0.019130 0.029546 0 0 0 0 0 0 0 0 0 0 0 0
1 0.272667 0.162106 0.018188 0.028435 0 0 0 0 0 0 0 0 0 0 0 0
2 0.498034 0.469236 0.080089 0.139380 0.498552 0.399546 2 0.497135 0.538926 2 0.538078 0.471120 2 0.457990 0.466065 2
