0 0.646589 0.459602 0.017698 0.029130 0 0 0 0 0 0 0 0 0 0 0 0
0 0.591568 0.778102 0.017698 0.029130 0 0 0 0 0 0 0 0 0 0 0 0
0 0.367688 0.803157 0.017698 0.029130 0 0 0 0 0 0 0 0 0 0 0 0
0 0.277974 0.901454 0.017698 0.029130 0 0 0 0 0 0 0 0 0 0 0 0
0 0.161698 0.083278 0.017698 0.029130 0 0 0 0 0 0 0 0 0 0 0 0
1 0.426654 0.088949 0.016620 0.030102 0 0 0 0 0 0 0 0 0 0 0 0
1 0.554888 0.799653 0.016620 0.030102 0 0 0 0 0 0 0 0 0 0 0 0
1 0.685557 0.639898 0.016625 0.030111 0 0 0 0 0 0 0 0 0 0 0 0
1 0.750648 0.288426 0.016620 0.030111 0 0 0 0 0 0 0 0 0 0 0 0
1 0.697216 0.335921 0.016620 0.030102 0 0 0 0 0 0 0 0 0 0 0 0
0 0.605391 0.536694 0.017698 0.029130 0 0 0 0 0 0 0 0 0 0 0 0
0 0.617318 0.554046 0.017698 0.029130 0 0 0 0 0 0 0 0 0 0 0 0
0 0.702698 0.703898 0.017698 0.029130 0 0 0 0 0 0 0 0 0 0 0 0
2 0.462628 0.503324 0.074214 0.127981 0.464099 0.439333 2 0.462313 0.567315 2 0.499734 0.506935 2 0.425521 0.500694 2
