1 0.536917 0.270292 0.016625 0.030102 0 0 0 0 0 0 0 0 0 0 0 0
1 0.738990 0.137306 0.016625 0.030111 0 0 0 0 0 0 0 0 0 0 0 0
0 0.746083 0.860903 0.017698 0.029120 0 0 0 0 0 0 0 0 0 0 0 0
0 0.737953 0.186796 0.017698 0.029130 0 0 0 0 0 0 0 0 0 0 0 0
0 0.360120 0.446037 0.017698 0.029130 0 0 0 0 0 0 0 0 0 0 0 0
0 0.287755 0.375685 0.017698 0.029130 0 0 0 0 0 0 0 0 0 0 0 0
0 0.154401 0.584324 0.017698 0.029130 0 0 0 0 0 0 0 0 0 0 0 0
0 0.236839 0.121694 0.017698 0.029130 0 0 0 0 0 0 0 0 0 0 0 0
1 0.602979 0.133852 0.016625 0.030111 0 0 0 0 0 0 0 0 0 0 0 0
1 0.602492 0.192574 0.016620 0.030111 0 0 0 0 0 0 0 0 0 0 0 0
