1 0.424708 0.091537 0.016625 0.030111 0 0 0 0 0 0 0 0 0 0 0 0
1 0.754049 0.281519 0.016620 0.030111 0 0 0 0 0 0 0 0 0 0 0 0
1 0.685070 0.639898 0.016620 0.030111 0 0 0 0 0 0 0 0 0 0 0 0
1 0.554404 0.800519 0.016620 0.030111 0 0 0 0 0 0 0 0 0 0 0 0
0 0.704583 0.708588 0.017698 0.029120 0 0 0 0 0 0 0 0 0 0 0 0
0 0.605385 0.529824 0.017698 0.029130 0 0 0 0 0 0 0 0 0 0 0 0
0 0.651188 0.458028 0.017698 0.029130 0 0 0 0 0 0 0 0 0 0 0 0
0 0.614057 0.560176 0.017698 0.029130 0 0 0 0 0 0 0 0 0 0 0 0
0 0.279052 0.902292 0.017698 0.029120 0 0 0 0 0 0 0 0 0 0 0 0
0 0.368224 0.802065 0.017698 0.029130 0 0 0 0 0 0 0 0 0 0 0 0
0 0.597797 0.778935 0.017698 0.029130 0 0 0 0 0 0 0 0 0 0 0 0
0 0.161693 0.083148 0.017698 0.029130 0 0 0 0 0 0 0 0 0 0 0 0
1 0.696729 0.333333 0.016625 0.030111 0 0 0 0 0 0 0 0 0 0 0 0
2 0.462628 0.503324 0.074214 0.127981 0.464099 0.439333 2 0.462313 0.567315 2 0.499734 0.506935 2 0.425521 0.500694 2
