0 0.620953 0.126944 0.017698 0.029130 0 0 0 0 0 0 0 0 0 0 0 0
0 0.643781 0.879963 0.017698 0.029130 0 0 0 0 0 0 0 0 0 0 0 0
1 0.562661 0.359241 0.016625 0.030111 0 0 0 0 0 0 0 0 0 0 0 0
1 0.478143 0.534542 0.016620 0.030102 0 0 0 0 0 0 0 0 0 0 0 0
1 0.367388 0.502588 0.016620 0.030102 0 0 0 0 0 0 0 0 0 0 0 0
1 0.744333 0.443005 0.016625 0.030102 0 0 0 0 0 0 0 0 0 0 0 0
1 0.556346 0.799653 0.016620 0.030102 0 0 0 0 0 0 0 0 0 0 0 0
0 0.150260 0.443005 0.017698 0.029120 0 0 0 0 0 0 0 0 0 0 0 0
0 0.361563 0.236611 0.017698 0.029130 0 0 0 0 0 0 0 0 0 0 0 0
0 0.465026 0.151120 0.017698 0.029130 0 0 0 0 0 0 0 0 0 0 0 0
0 0.564604 0.232296 0.017698 0.029130 0 0 0 0 0 0 0 0 0 0 0 0
0 0.753562 0.340241 0.017698 0.029130 0 0 0 0 0 0 0 0 0 0 0 0
2 0.462628 0.503324 0.074214 0.127981 0.464099 0.439333 2 0.462313 0.567315 2 0.499734 0.506935 2 0.425521 0.500694 2
