0 0.277453 0.458370 0.017698 0.029130 0 0 0 0 0 0 0 0 0 0 0 0
0 0.452432 0.657593 0.017698 0.029130 0 0 0 0 0 0 0 0 0 0 0 0
0 0.448958 0.466435 0.017698 0.029130 0 0 0 0 0 0 0 0 0 0 0 0
0 0.353224 0.541713 0.017698 0.029130 0 0 0 0 0 0 0 0 0 0 0 0
0 0.837812 0.916019 0.017698 0.029130 0 0 0 0 0 0 0 0 0 0 0 0
0 0.632312 0.197593 0.017698 0.029130 0 0 0 0 0 0 0 0 0 0 0 0
0 0.722609 0.102574 0.017698 0.029130 0 0 0 0 0 0 0 0 0 0 0 0
1 0.641352 0.307426 0.016620 0.030111 0 0 0 0 0 0 0 0 0 0 0 0
1 0.430539 0.749569 0.016620 0.030102 0 0 0 0 0 0 0 0 0 0 0 0
1 0.573346 0.909329 0.016620 0.030102 0 0 0 0 0 0 0 0 0 0 0 0
1 0.303758 0.664940 0.016620 0.030102 0 0 0 0 0 0 0 0 0 0 0 0
1 0.284812 0.727116 0.016625 0.030102 0 0 0 0 0 0 0 0 0 0 0 0
2 0.543279 0.499718 0.075391 0.132861 0.545854 0.433287 2 0.543026 0.566148 2 0.580974 0.502056 2 0.505583 0.496046 2
