0 0.622411 0.129537 0.017698 0.029130 0 0 0 0 0 0 0 0 0 0 0 0
0 0.756479 0.329880 0.017698 0.029130 0 0 0 0 0 0 0 0 0 0 0 0
0 0.643781 0.879102 0.017698 0.029130 0 0 0 0 0 0 0 0 0 0 0 0
1 0.571404 0.386875 0.016620 0.030102 0 0 0 0 0 0 0 0 0 0 0 0
1 0.479112 0.531949 0.016620 0.030102 0 0 0 0 0 0 0 0 0 0 0 0
1 0.366904 0.500861 0.016620 0.030111 0 0 0 0 0 0 0 0 0 0 0 0
1 0.555375 0.797926 0.016625 0.030111 0 0 0 0 0 0 0 0 0 0 0 0
1 0.734133 0.437824 0.016620 0.030111 0 0 0 0 0 0 0 0 0 0 0 0
0 0.158516 0.440417 0.017698 0.029130 0 0 0 0 0 0 0 0 0 0 0 0
0 0.363016 0.204662 0.017698 0.029120 0 0 0 0 0 0 0 0 0 0 0 0
0 0.472313 0.157167 0.017698 0.029130 0 0 0 0 0 0 0 0 0 0 0 0
0 0.564604 0.231435 0.017698 0.029130 0 0 0 0 0 0 0 0 0 0 0 0
2 0.462628 0.503324 0.074214 0.127981 0.464099 0.439333 2 0.462313 0.567315 2 0.499734 0.506935 2 0.425521 0.500694 2
