0 0.290042 0.604694 0.017698 0.029130 0 0 0 0 0 0 0 0 0 0 0 0
0 0.743328 0.891213 0.017698 0.029130 0 0 0 0 0 0 0 0 0 0 0 0
0 0.264979 0.101204 0.017698 0.029130 0 0 0 0 0 0 0 0 0 0 0 0
0 0.352823 0.182824 0.017698 0.029130 0 0 0 0 0 0 0 0 0 0 0 0
0 0.737234 0.187407 0.017698 0.029130 0 0 0 0 0 0 0 0 0 0 0 0
1 0.606378 0.143352 0.016620 0.030111 0 0 0 0 0 0 0 0 0 0 0 0
1 0.363990 0.208116 0.016625 0.030102 0 0 0 0 0 0 0 0 0 0 0 0
1 0.237695 0.277199 0.016620 0.030102 0 0 0 0 0 0 0 0 0 0 0 0
1 0.282383 0.573403 0.016620 0.030102 0 0 0 0 0 0 0 0 0 0 0 0
0 0.352120 0.470593 0.017698 0.029130 0 0 0 0 0 0 0 0 0 0 0 0
0 0.359380 0.294019 0.017698 0.029130 0 0 0 0 0 0 0 0 0 0 0 0
0 0.233589 0.157426 0.017698 0.029130 0 0 0 0 0 0 0 0 0 0 0 0
1 0.738018 0.137306 0.016620 0.030111 0 0 0 0 0 0 0 0 0 0 0 0
2 0.462628 0.503324 0.074214 0.127981 0.464099 0.439333 2 0.462313 0.567315 2 0.499734 0.506935 2 0.425521 0.500694 2
