1 0.555375 0.799653 0.016625 0.030102 0 0 0 0 0 0 0 0 0 0 0 0
1 0.651555 0.105352 0.016620 0.030111 0 0 0 0 0 0 0 0 0 0 0 0
1 0.888602 0.133852 0.016620 0.030111 0 0 0 0 0 0 0 0 0 0 0 0
0 0.577234 0.531083 0.017698 0.029130 0 0 0 0 0 0 0 0 0 0 0 0
1 0.483484 0.706389 0.016625 0.030111 0 0 0 0 0 0 0 0 0 0 0 0
0 0.337760 0.467185 0.017698 0.029130 0 0 0 0 0 0 0 0 0 0 0 0
0 0.355734 0.382556 0.017698 0.029130 0 0 0 0 0 0 0 0 0 0 0 0
0 0.636984 0.113991 0.017698 0.029130 0 0 0 0 0 0 0 0 0 0 0 0
0 0.262469 0.078583 0.017698 0.029130 0 0 0 0 0 0 0 0 0 0 0 0
0 0.644258 0.877167 0.017224 0.029130 0 0 0 0 0 0 0 0 0 0 0 0
0 0.350875 0.425731 0.017698 0.029130 0 0 0 0 0 0 0 0 0 0 0 0
1 0.356706 0.664074 0.016620 0.030111 0 0 0 0 0 0 0 0 0 0 0 0
2 0.462628 0.503324 0.074214 0.127981 0.464099 0.439333 2 0.462313 0.567315 2 0.499734 0.506935 2 0.425521 0.500694 2
