1 0.543716 0.384282 0.016620 0.030102 0 0 0 0 0 0 0 0 0 0 0 0
0 0.839135 0.916102 0.017698 0.029130 0 0 0 0 0 0 0 0 0 0 0 0
0 0.632740 0.196296 0.017698 0.029130 0 0 0 0 0 0 0 0 0 0 0 0
0 0.504135 0.905389 0.017698 0.029130 0 0 0 0 0 0 0 0 0 0 0 0
0 0.500083 0.793852 0.017698 0.029130 0 0 0 0 0 0 0 0 0 0 0 0
0 0.232651 0.560083 0.017698 0.029130 0 0 0 0 0 0 0 0 0 0 0 0
0 0.496031 0.533130 0.017698 0.029130 0 0 0 0 0 0 0 0 0 0 0 0
0 0.370286 0.558222 0.017698 0.029130 0 0 0 0 0 0 0 0 0 0 0 0
0 0.391984 0.548000 0.017698 0.029130 0 0 0 0 0 0 0 0 0 0 0 0
1 0.446081 0.199481 0.016620 0.030111 0 0 0 0 0 0 0 0 0 0 0 0
1 0.484940 0.473231 0.016620 0.030111 0 0 0 0 0 0 0 0 0 0 0 0
1 0.523315 0.467185 0.016620 0.030111 0 0 0 0 0 0 0 0 0 0 0 0
1 0.756477 0.899829 0.016620 0.030102 0 0 0 0 0 0 0 0 0 0 0 0
2 0.538112 0.497579 0.075391 0.132861 0.540687 0.431148 2 0.537859 0.564009 2 0.575807 0.499917 2 0.500417 0.493907 2
2 0.538112 0.497579 0.075391 0.132861 0.540687 0.431148 2 0.537859 0.564009 2 0.575807 0.499917 2 0.500417 0.493907 2
