1 0.719495 0.242134 0.018042 0.029157 0 0 0 0 0 0 0 0 0 0 0 0
1 0.730974 0.109495 0.018510 0.032065 0 0 0 0 0 0 0 0 0 0 0 0
1 0.714927 0.099912 0.018271 0.029565 0 0 0 0 0 0 0 0 0 0 0 0
1 0.663521 0.132190 0.018063 0.028324 0 0 0 0 0 0 0 0 0 0 0 0
0 0.370664 0.668463 0.017516 0.030907 0 0 0 0 0 0 0 0 0 0 0 0
1 0.593466 0.224019 0.017568 0.030407 0 0 0 0 0 0 0 0 0 0 0 0
1 0.383247 0.071431 0.018036 0.030398 0 0 0 0 0 0 0 0 0 0 0 0
1 0.507620 0.840435 0.015927 0.032667 0 0 0 0 0 0 0 0 0 0 0 0
1 0.793870 0.480343 0.019208 0.030815 0 0 0 0 0 0 0 0 0 0 0 0
2 0.498034 0.469236 0.080089 0.139380 0.498552 0.399546 2 0.497135 0.538926 2 0.538078 0.471120 2 0.457990 0.466065 2
