0 0.488867 0.898949 0.017703 0.029120 0 0 0 0 0 0 0 0 0 0 0 0
0 0.793245 0.879046 0.017698 0.029130 0 0 0 0 0 0 0 0 0 0 0 0
0 0.672891 0.216648 0.017698 0.029130 0 0 0 0 0 0 0 0 0 0 0 0
0 0.865313 0.400759 0.017698 0.029130 0 0 0 0 0 0 0 0 0 0 0 0
0 0.784495 0.264546 0.017698 0.029130 0 0 0 0 0 0 0 0 0 0 0 0
0 0.240469 0.292537 0.017698 0.029130 0 0 0 0 0 0 0 0 0 0 0 0
1 0.304727 0.788426 0.016620 0.030111 0 0 0 0 0 0 0 0 0 0 0 0
1 0.430052 0.882556 0.016625 0.030111 0 0 0 0 0 0 0 0 0 0 0 0
1 0.471341 0.872194 0.016620 0.030111 0 0 0 0 0 0 0 0 0 0 0 0
1 0.802138 0.919690 0.016620 0.030102 0 0 0 0 0 0 0 0 0 0 0 0
0 0.390906 0.864120 0.017698 0.029130 0 0 0 0 0 0 0 0 0 0 0 0
0 0.331083 0.372769 0.017698 0.029130 0 0 0 0 0 0 0 0 0 0 0 0
2 0.538112 0.497579 0.075391 0.132861 0.540687 0.431148 2 0.537859 0.564009 2 0.575807 0.499917 2 0.500417 0.493907 2
