0 0.275583 0.220204 0.017698 0.029130 0 0 0 0 0 0 0 0 0 0 0 0
0 0.802120 0.356625 0.011594 0.029120 0 0 0 0 0 0 0 0 0 0 0 0
0 0.277042 0.898102 0.017698 0.029130 0 0 0 0 0 0 0 0 0 0 0 0
0 0.143458 0.102759 0.017698 0.029130 0 0 0 0 0 0 0 0 0 0 0 0
0 0.159974 0.080306 0.017698 0.029130 0 0 0 0 0 0 0 0 0 0 0 0
0 0.436365 0.445593 0.017698 0.029130 0 0 0 0 0 0 0 0 0 0 0 0
1 0.918232 0.550083 0.016620 0.030111 0 0 0 0 0 0 0 0 0 0 0 0
1 0.897346 0.092403 0.016620 0.030102 0 0 0 0 0 0 0 0 0 0 0 0
1 0.424708 0.088949 0.016625 0.030102 0 0 0 0 0 0 0 0 0 0 0 0
1 0.279956 0.756477 0.016620 0.030102 0 0 0 0 0 0 0 0 0 0 0 0
2 0.456096 0.499838 0.074214 0.128380 0.456437 0.435648 2 0.456682 0.564028 2 0.493203 0.503444 2 0.418990 0.497204 2
