0 0.453255 0.659787 0.017698 0.029130 0 0 0 0 0 0 0 0 0 0 0 0
1 0.199805 0.965458 0.016620 0.030102 0 0 0 0 0 0 0 0 0 0 0 0
1 0.417422 0.390329 0.016625 0.030102 0 0 0 0 0 0 0 0 0 0 0 0
1 0.588406 0.357514 0.016625 0.030102 0 0 0 0 0 0 0 0 0 0 0 0
1 0.568005 0.551810 0.016625 0.030102 0 0 0 0 0 0 0 0 0 0 0 0
1 0.495628 0.465458 0.016620 0.030102 0 0 0 0 0 0 0 0 0 0 0 0
0 0.449724 0.572852 0.017698 0.029130 0 0 0 0 0 0 0 0 0 0 0 0
0 0.722661 0.102185 0.017698 0.029130 0 0 0 0 0 0 0 0 0 0 0 0
0 0.347641 0.392713 0.017698 0.029130 0 0 0 0 0 0 0 0 0 0 0 0
0 0.541620 0.134731 0.017698 0.029130 0 0 0 0 0 0 0 0 0 0 0 0
2 0.542047 0.498662 0.075385 0.132861 0.544625 0.432231 2 0.541797 0.565093 2 0.579740 0.500991 2 0.504354 0.494981 2
