1 0.692844 0.803972 0.016625 0.030111 0 0 0 0 0 0 0 0 0 0 0 0
1 0.696729 0.895509 0.016625 0.030111 0 0 0 0 0 0 0 0 0 0 0 0
1 0.677784 0.913644 0.016620 0.030102 0 0 0 0 0 0 0 0 0 0 0 0
0 0.427839 0.333009 0.017698 0.029130 0 0 0 0 0 0 0 0 0 0 0 0
0 0.678719 0.865435 0.017698 0.029130 0 0 0 0 0 0 0 0 0 0 0 0
0 0.765901 0.714907 0.017698 0.029130 0 0 0 0 0 0 0 0 0 0 0 0
0 0.727328 0.453426 0.017698 0.029130 0 0 0 0 0 0 0 0 0 0 0 0
0 0.737047 0.326870 0.017698 0.029130 0 0 0 0 0 0 0 0 0 0 0 0
0 0.730776 0.217046 0.017698 0.029130 0 0 0 0 0 0 0 0 0 0 0 0
0 0.627917 0.200875 0.017698 0.029120 0 0 0 0 0 0 0 0 0 0 0 0
0 0.435052 0.386528 0.017698 0.029130 0 0 0 0 0 0 0 0 0 0 0 0
1 0.626781 0.105352 0.016625 0.030111 0 0 0 0 0 0 0 0 0 0 0 0
1 0.636010 0.139898 0.016625 0.030111 0 0 0 0 0 0 0 0 0 0 0 0
2 0.462628 0.503324 0.074214 0.127981 0.464099 0.439333 2 0.462313 0.567315 2 0.499734 0.506935 2 0.425521 0.500694 2
