0 0.643781 0.442139 0.017698 0.029130 0 0 0 0 0 0 0 0 0 0 0 0
0 0.705958 0.771157 0.017698 0.029130 0 0 0 0 0 0 0 0 0 0 0 0
0 0.216807 0.759935 0.017698 0.029130 0 0 0 0 0 0 0 0 0 0 0 0
0 0.408677 0.087218 0.017698 0.029120 0 0 0 0 0 0 0 0 0 0 0 0
0 0.446568 0.228843 0.017698 0.029130 0 0 0 0 0 0 0 0 0 0 0 0
0 0.456281 0.296204 0.017698 0.029130 0 0 0 0 0 0 0 0 0 0 0 0
0 0.414021 0.468907 0.017698 0.029130 0 0 0 0 0 0 0 0 0 0 0 0
1 0.728305 0.377375 0.016620 0.030102 0 0 0 0 0 0 0 0 0 0 0 0
1 0.748219 0.200347 0.016625 0.030102 0 0 0 0 0 0 0 0 0 0 0 0
1 0.502430 0.236616 0.016620 0.030102 0 0 0 0 0 0 0 0 0 0 0 0
1 0.425680 0.449051 0.016620 0.030102 0 0 0 0 0 0 0 0 0 0 0 0
1 0.188633 0.077718 0.016620 0.030102 0 0 0 0 0 0 0 0 0 0 0 0
0 0.617552 0.747843 0.017698 0.029130 0 0 0 0 0 0 0 0 0 0 0 0
2 0.462628 0.503324 0.074214 0.127981 0.464099 0.439333 2 0.462313 0.567315 2 0.499734 0.506935 2 0.425521 0.500694 2
