1 0.431508 0.444731 0.016620 0.030111 0 0 0 0 0 0 0 0 0 0 0 0
1 0.412565 0.641625 0.016620 0.030102 0 0 0 0 0 0 0 0 0 0 0 0
1 0.534487 0.605352 0.016620 0.030111 0 0 0 0 0 0 0 0 0 0 0 0
1 0.622409 0.701208 0.016620 0.030102 0 0 0 0 0 0 0 0 0 0 0 0
1 0.802138 0.036269 0.016620 0.030111 0 0 0 0 0 0 0 0 0 0 0 0
0 0.663214 0.500861 0.017698 0.029130 0 0 0 0 0 0 0 0 0 0 0 0
0 0.553432 0.892917 0.017698 0.029130 0 0 0 0 0 0 0 0 0 0 0 0
0 0.277042 0.898102 0.017698 0.029130 0 0 0 0 0 0 0 0 0 0 0 0
0 0.549547 0.428324 0.017698 0.029130 0 0 0 0 0 0 0 0 0 0 0 0
0 0.545661 0.341102 0.017698 0.029130 0 0 0 0 0 0 0 0 0 0 0 0
2 0.456495 0.499537 0.071500 0.126778 0.458641 0.436148 2 0.456292 0.562926 2 0.492245 0.503546 2 0.420745 0.496907 2
