0 0.289432 0.088981 0.017698 0.029130 0 0 0 0 0 0 0 0 0 0 0 0
0 0.363427 0.299556 0.017698 0.029130 0 0 0 0 0 0 0 0 0 0 0 0
0 0.252568 0.617574 0.017698 0.029130 0 0 0 0 0 0 0 0 0 0 0 0
1 0.605893 0.142486 0.016620 0.030102 0 0 0 0 0 0 0 0 0 0 0 0
1 0.363018 0.211569 0.016620 0.030102 0 0 0 0 0 0 0 0 0 0 0 0
1 0.737044 0.139898 0.016620 0.030111 0 0 0 0 0 0 0 0 0 0 0 0
1 0.224094 0.252157 0.016625 0.030111 0 0 0 0 0 0 0 0 0 0 0 0
1 0.255667 0.584630 0.016625 0.030111 0 0 0 0 0 0 0 0 0 0 0 0
0 0.313281 0.478796 0.017698 0.029130 0 0 0 0 0 0 0 0 0 0 0 0
0 0.738005 0.187759 0.017698 0.029130 0 0 0 0 0 0 0 0 0 0 0 0
0 0.729328 0.881144 0.017698 0.029120 0 0 0 0 0 0 0 0 0 0 0 0
0 0.265578 0.102954 0.017698 0.029130 0 0 0 0 0 0 0 0 0 0 0 0
0 0.375078 0.188241 0.017698 0.029130 0 0 0 0 0 0 0 0 0 0 0 0
2 0.462628 0.503324 0.074214 0.127981 0.464099 0.439333 2 0.462313 0.567315 2 0.499734 0.506935 2 0.425521 0.500694 2
