1 0.619008 0.878236 0.016620 0.030102 0 0 0 0 0 0 0 0 0 0 0 0
0 0.632646 0.196278 0.017698 0.029130 0 0 0 0 0 0 0 0 0 0 0 0
0 0.752422 0.112657 0.017698 0.029130 0 0 0 0 0 0 0 0 0 0 0 0
0 0.838172 0.916565 0.017698 0.029130 0 0 0 0 0 0 0 0 0 0 0 0
0 0.417917 0.898370 0.017698 0.029130 0 0 0 0 0 0 0 0 0 0 0 0
0 0.518411 0.613935 0.017698 0.029130 0 0 0 0 0 0 0 0 0 0 0 0
0 0.468281 0.603102 0.017698 0.029130 0 0 0 0 0 0 0 0 0 0 0 0
0 0.362630 0.554796 0.017698 0.029130 0 0 0 0 0 0 0 0 0 0 0 0
0 0.294698 0.299093 0.017698 0.029130 0 0 0 0 0 0 0 0 0 0 0 0
1 0.360589 0.506907 0.016625 0.030111 0 0 0 0 0 0 0 0 0 0 0 0
1 0.445112 0.200347 0.016620 0.030102 0 0 0 0 0 0 0 0 0 0 0 0
1 0.568492 0.911917 0.016620 0.030111 0 0 0 0 0 0 0 0 0 0 0 0
1 0.304242 0.848014 0.016620 0.030102 0 0 0 0 0 0 0 0 0 0 0 0
2 0.538112 0.497579 0.075391 0.132861 0.540687 0.431148 2 0.537859 0.564009 2 0.575807 0.499917 2 0.500417 0.493907 2
