0 0.548052 0.572519 0.017250 0.030907 0 0 0 0 0 0 0 0 0 0 0 0
1 0.795682 0.898981 0.018427 0.032037 0 0 0 0 0 0 0 0 0 0 0 0
1 0.741685 0.568125 0.018224 0.029157 0 0 0 0 0 0 0 0 0 0 0 0
1 0.588622 0.787324 0.017005 0.030593 0 0 0 0 0 0 0 0 0 0 0 0
1 0.573844 0.905565 0.018625 0.033833 0 0 0 0 0 0 0 0 0 0 0 0
1 0.557852 0.869394 0.017818 0.033472 0 0 0 0 0 0 0 0 0 0 0 0
1 0.401854 0.740537 0.018021 0.031315 0 0 0 0 0 0 0 0 0 0 0 0
1 0.382315 0.701667 0.017411 0.031315 0 0 0 0 0 0 0 0 0 0 0 0
1 0.327953 0.769870 0.018021 0.030963 0 0 0 0 0 0 0 0 0 0 0 0
1 0.251727 0.753310 0.019432 0.030954 0 0 0 0 0 0 0 0 0 0 0 0
1 0.299810 0.479671 0.016974 0.029546 0 0 0 0 0 0 0 0 0 0 0 0
1 0.262719 0.142458 0.017844 0.031454 0 0 0 0 0 0 0 0 0 0 0 0
2 0.498336 0.469236 0.079484 0.139380 0.498552 0.399546 2 0.497135 0.538926 2 0.538078 0.471120 2 0.458594 0.465796 2
