0 0.844078 0.403370 0.017698 0.029130 0 0 0 0 0 0 0 0 0 0 0 0
0 0.760917 0.094500 0.017698 0.029130 0 0 0 0 0 0 0 0 0 0 0 0
1 0.261982 0.861829 0.016620 0.030102 0 0 0 0 0 0 0 0 0 0 0 0
1 0.632612 0.876509 0.016620 0.030111 0 0 0 0 0 0 0 0 0 0 0 0
0 0.658234 0.720917 0.017698 0.029130 0 0 0 0 0 0 0 0 0 0 0 0
0 0.764427 0.885074 0.017698 0.029130 0 0 0 0 0 0 0 0 0 0 0 0
1 0.475711 0.630398 0.016620 0.030111 0 0 0 0 0 0 0 0 0 0 0 0
0 0.262531 0.812889 0.017698 0.029130 0 0 0 0 0 0 0 0 0 0 0 0
0 0.254729 0.139269 0.017698 0.029130 0 0 0 0 0 0 0 0 0 0 0 0
2 0.536367 0.496292 0.075391 0.132861 0.538943 0.429861 2 0.536115 0.562722 2 0.574063 0.498630 2 0.498672 0.492620 2
