1 0.624958 0.078338 0.017344 0.032287 0 0 0 0 0 0 0 0 0 0 0 0
1 0.801271 0.182176 0.018156 0.030833 0 0 0 0 0 0 0 0 0 0 0 0
1 0.820107 0.179528 0.017891 0.032278 0 0 0 0 0 0 0 0 0 0 0 0
1 0.819701 0.639213 0.018161 0.030352 0 0 0 0 0 0 0 0 0 0 0 0
1 0.813466 0.755579 0.018161 0.031806 0 0 0 0 0 0 0 0 0 0 0 0
1 0.816451 0.832190 0.019245 0.032769 0 0 0 0 0 0 0 0 0 0 0 0
0 0.535299 0.563319 0.017672 0.030491 0 0 0 0 0 0 0 0 0 0 0 0
0 0.809674 0.490681 0.020120 0.032046 0 0 0 0 0 0 0 0 0 0 0 0
1 0.408805 0.897241 0.017620 0.032759 0 0 0 0 0 0 0 0 0 0 0 0
1 0.437263 0.637523 0.017620 0.029880 0 0 0 0 0 0 0 0 0 0 0 0
1 0.482661 0.512727 0.016802 0.029880 0 0 0 0 0 0 0 0 0 0 0 0
1 0.540664 0.605963 0.017349 0.031315 0 0 0 0 0 0 0 0 0 0 0 0
1 0.563568 0.732208 0.016531 0.031324 0 0 0 0 0 0 0 0 0 0 0 0
1 0.732156 0.785694 0.018156 0.031315 0 0 0 0 0 0 0 0 0 0 0 0
2 0.498034 0.469236 0.080089 0.139380 0.498552 0.399546 2 0.497135 0.538926 2 0.538078 0.471120 2 0.457990 0.466065 2
