1 0.103628 0.912782 0.016620 0.030102 0 0 0 0 0 0 0 0 0 0 0 0
1 0.079826 0.453366 0.016620 0.030102 0 0 0 0 0 0 0 0 0 0 0 0
0 0.723062 0.103102 0.017698 0.029130 0 0 0 0 0 0 0 0 0 0 0 0
0 0.565172 0.554528 0.017698 0.029130 0 0 0 0 0 0 0 0 0 0 0 0
0 0.855245 0.897324 0.017698 0.029130 0 0 0 0 0 0 0 0 0 0 0 0
0 0.839818 0.917491 0.017698 0.029130 0 0 0 0 0 0 0 0 0 0 0 0
0 0.718073 0.813981 0.017698 0.029130 0 0 0 0 0 0 0 0 0 0 0 0
0 0.197810 0.643352 0.011557 0.029130 0 0 0 0 0 0 0 0 0 0 0 0
1 0.719560 0.244384 0.016620 0.030102 0 0 0 0 0 0 0 0 0 0 0 0
1 0.574805 0.910190 0.016620 0.030102 0 0 0 0 0 0 0 0 0 0 0 0
2 0.545109 0.499023 0.075385 0.131472 0.544807 0.433287 2 0.544854 0.564759 2 0.582802 0.500657 2 0.507417 0.494648 2
