1 0.393133 0.857514 0.016620 0.030102 0 0 0 0 0 0 0 0 0 0 0 0
1 0.808937 0.809153 0.016625 0.030102 0 0 0 0 0 0 0 0 0 0 0 0
1 0.637466 0.782384 0.016620 0.030102 0 0 0 0 0 0 0 0 0 0 0 0
1 0.791451 0.335060 0.016620 0.030102 0 0 0 0 0 0 0 0 0 0 0 0
0 0.616891 0.737435 0.017698 0.029130 0 0 0 0 0 0 0 0 0 0 0 0
0 0.560891 0.877167 0.017698 0.029130 0 0 0 0 0 0 0 0 0 0 0 0
0 0.601578 0.841394 0.017698 0.029120 0 0 0 0 0 0 0 0 0 0 0 0
0 0.632198 0.810028 0.017698 0.029130 0 0 0 0 0 0 0 0 0 0 0 0
0 0.262536 0.812870 0.017698 0.029130 0 0 0 0 0 0 0 0 0 0 0 0
0 0.764432 0.429440 0.017698 0.029120 0 0 0 0 0 0 0 0 0 0 0 0
0 0.827979 0.269750 0.017698 0.029130 0 0 0 0 0 0 0 0 0 0 0 0
0 0.288781 0.087171 0.017698 0.029120 0 0 0 0 0 0 0 0 0 0 0 0
1 0.261010 0.860968 0.016625 0.030102 0 0 0 0 0 0 0 0 0 0 0 0
2 0.536906 0.495435 0.075385 0.132870 0.539484 0.429000 2 0.536656 0.561870 2 0.574599 0.497769 2 0.499214 0.491759 2
