1 0.507794 0.840435 0.016974 0.032667 0 0 0 0 0 0 0 0 0 0 0 0
0 0.366510 0.650968 0.017146 0.032639 0 0 0 0 0 0 0 0 0 0 0 0
1 0.787383 0.486884 0.018505 0.027898 0 0 0 0 0 0 0 0 0 0 0 0
1 0.715115 0.240968 0.018271 0.029157 0 0 0 0 0 0 0 0 0 0 0 0
1 0.741352 0.114782 0.017339 0.029991 0 0 0 0 0 0 0 0 0 0 0 0
1 0.726945 0.091880 0.018974 0.031648 0 0 0 0 0 0 0 0 0 0 0 0
1 0.664281 0.129356 0.017802 0.029991 0 0 0 0 0 0 0 0 0 0 0 0
1 0.592599 0.225560 0.018271 0.028324 0 0 0 0 0 0 0 0 0 0 0 0
1 0.383060 0.071681 0.017568 0.031231 0 0 0 0 0 0 0 0 0 0 0 0
2 0.498034 0.469236 0.080089 0.139380 0.498552 0.399546 2 0.497135 0.538926 2 0.538078 0.471120 2 0.457990 0.466065 2
