1 0.581195 0.614130 0.017818 0.030593 0 0 0 0 0 0 0 0 0 0 0 0
1 0.646792 0.475194 0.017813 0.027000 0 0 0 0 0 0 0 0 0 0 0 0
1 0.698724 0.434884 0.016802 0.028435 0 0 0 0 0 0 0 0 0 0 0 0
1 0.622091 0.307282 0.017411 0.030231 0 0 0 0 0 0 0 0 0 0 0 0
1 0.632357 0.088120 0.017818 0.028796 0 0 0 0 0 0 0 0 0 0 0 0
1 0.536490 0.115833 0.016802 0.028796 0 0 0 0 0 0 0 0 0 0 0 0
1 0.315786 0.361417 0.017615 0.029519 0 0 0 0 0 0 0 0 0 0 0 0
0 0.358286 0.504083 0.017250 0.030444 0 0 0 0 0 0 0 0 0 0 0 0
1 0.505474 0.836023 0.018219 0.030954 0 0 0 0 0 0 0 0 0 0 0 0
2 0.498034 0.469236 0.080089 0.139380 0.498552 0.399546 2 0.497135 0.538926 2 0.538078 0.471120 2 0.457990 0.466065 2
