1 0.762224 0.136606 0.018740 0.031231 0 0 0 0 0 0 0 0 0 0 0 0
1 0.662432 0.109116 0.016865 0.029565 0 0 0 0 0 0 0 0 0 0 0 0
0 0.374547 0.639968 0.016937 0.030380 0 0 0 0 0 0 0 0 0 0 0 0
1 0.595784 0.222394 0.016630 0.028731 0 0 0 0 0 0 0 0 0 0 0 0
1 0.383667 0.072468 0.016396 0.029565 0 0 0 0 0 0 0 0 0 0 0 0
1 0.507404 0.841102 0.016943 0.033611 0 0 0 0 0 0 0 0 0 0 0 0
1 0.774383 0.503019 0.018016 0.030593 0 0 0 0 0 0 0 0 0 0 0 0
1 0.723690 0.254458 0.017568 0.027898 0 0 0 0 0 0 0 0 0 0 0 0
1 0.743250 0.079134 0.018271 0.029565 0 0 0 0 0 0 0 0 0 0 0 0
2 0.498034 0.469236 0.080089 0.139380 0.498552 0.399546 2 0.497135 0.538926 2 0.538078 0.471120 2 0.457990 0.466065 2
