0 0.688969 0.887995 0.017698 0.029120 0 0 0 0 0 0 0 0 0 0 0 0
0 0.675974 0.905093 0.017698 0.029130 0 0 0 0 0 0 0 0 0 0 0 0
0 0.599880 0.828611 0.017698 0.029130 0 0 0 0 0 0 0 0 0 0 0 0
0 0.639698 0.711324 0.017698 0.029130 0 0 0 0 0 0 0 0 0 0 0 0
0 0.262469 0.813648 0.017698 0.029130 0 0 0 0 0 0 0 0 0 0 0 0
0 0.786120 0.341704 0.017698 0.029130 0 0 0 0 0 0 0 0 0 0 0 0
0 0.725042 0.491380 0.017698 0.029130 0 0 0 0 0 0 0 0 0 0 0 0
0 0.273391 0.097426 0.017698 0.029130 0 0 0 0 0 0 0 0 0 0 0 0
1 0.392648 0.854921 0.016620 0.030102 0 0 0 0 0 0 0 0 0 0 0 0
1 0.261010 0.861829 0.016625 0.030102 0 0 0 0 0 0 0 0 0 0 0 0
1 0.637466 0.791019 0.016620 0.030111 0 0 0 0 0 0 0 0 0 0 0 0
1 0.788049 0.778065 0.016620 0.030111 0 0 0 0 0 0 0 0 0 0 0 0
1 0.768133 0.390329 0.016620 0.030102 0 0 0 0 0 0 0 0 0 0 0 0
2 0.536604 0.495435 0.075385 0.132870 0.539182 0.429000 2 0.536354 0.561870 2 0.574297 0.497769 2 0.498911 0.491759 2
