1 0.289185 0.227977 0.016620 0.030102 0 0 0 0 0 0 0 0 0 0 0 0
1 0.783680 0.265111 0.016620 0.030111 0 0 0 0 0 0 0 0 0 0 0 0
1 0.733646 0.565630 0.016625 0.030111 0 0 0 0 0 0 0 0 0 0 0 0
1 0.635039 0.611398 0.016620 0.030111 0 0 0 0 0 0 0 0 0 0 0 0
0 0.535062 0.563519 0.017698 0.029130 0 0 0 0 0 0 0 0 0 0 0 0
0 0.391698 0.878352 0.017698 0.029130 0 0 0 0 0 0 0 0 0 0 0 0
1 0.466969 0.514681 0.016625 0.030102 0 0 0 0 0 0 0 0 0 0 0 0
1 0.489799 0.882556 0.016620 0.030111 0 0 0 0 0 0 0 0 0 0 0 0
1 0.801654 0.886875 0.016620 0.030102 0 0 0 0 0 0 0 0 0 0 0 0
1 0.578690 0.819514 0.016620 0.030102 0 0 0 0 0 0 0 0 0 0 0 0
1 0.290154 0.797065 0.016620 0.030111 0 0 0 0 0 0 0 0 0 0 0 0
1 0.275583 0.388602 0.016625 0.030111 0 0 0 0 0 0 0 0 0 0 0 0
1 0.194461 0.320380 0.016620 0.030111 0 0 0 0 0 0 0 0 0 0 0 0
1 0.624352 0.077718 0.016620 0.030102 0 0 0 0 0 0 0 0 0 0 0 0
2 0.496542 0.470111 0.071500 0.126778 0.498688 0.406722 2 0.496339 0.533500 2 0.532292 0.474120 2 0.460792 0.467481 2
