0 0.544151 0.317486 0.017698 0.029120 0 0 0 0 0 0 0 0 0 0 0 0
0 0.647094 0.457778 0.017698 0.029130 0 0 0 0 0 0 0 0 0 0 0 0
1 0.714701 0.272019 0.016620 0.030111 0 0 0 0 0 0 0 0 0 0 0 0
1 0.697701 0.336787 0.016620 0.030111 0 0 0 0 0 0 0 0 0 0 0 0
1 0.436852 0.354921 0.016620 0.030102 0 0 0 0 0 0 0 0 0 0 0 0
0 0.547073 0.549565 0.017698 0.029130 0 0 0 0 0 0 0 0 0 0 0 0
0 0.277505 0.896259 0.017698 0.029130 0 0 0 0 0 0 0 0 0 0 0 0
0 0.368005 0.803037 0.017698 0.029130 0 0 0 0 0 0 0 0 0 0 0 0
0 0.252604 0.292287 0.017698 0.029130 0 0 0 0 0 0 0 0 0 0 0 0
0 0.160687 0.084972 0.017698 0.029130 0 0 0 0 0 0 0 0 0 0 0 0
0 0.558323 0.216343 0.017698 0.029130 0 0 0 0 0 0 0 0 0 0 0 0
1 0.424708 0.090671 0.016625 0.030102 0 0 0 0 0 0 0 0 0 0 0 0
1 0.336302 0.121759 0.016625 0.030111 0 0 0 0 0 0 0 0 0 0 0 0
2 0.462628 0.503324 0.074214 0.127981 0.464099 0.439333 2 0.462313 0.567315 2 0.499734 0.506935 2 0.425521 0.500694 2
