0 0.667583 0.625213 0.017698 0.029130 0 0 0 0 0 0 0 0 0 0 0 0
1 0.196893 0.080310 0.016620 0.030102 0 0 0 0 0 0 0 0 0 0 0 0
1 0.695758 0.212435 0.016620 0.030111 0 0 0 0 0 0 0 0 0 0 0 0
1 0.570919 0.117444 0.016620 0.030111 0 0 0 0 0 0 0 0 0 0 0 0
1 0.525745 0.129532 0.016625 0.030102 0 0 0 0 0 0 0 0 0 0 0 0
0 0.757932 0.707250 0.017698 0.029130 0 0 0 0 0 0 0 0 0 0 0 0
0 0.609292 0.135574 0.017698 0.029130 0 0 0 0 0 0 0 0 0 0 0 0
0 0.511172 0.101037 0.017698 0.029130 0 0 0 0 0 0 0 0 0 0 0 0
0 0.207094 0.120037 0.017698 0.029130 0 0 0 0 0 0 0 0 0 0 0 0
0 0.135687 0.600176 0.017698 0.029130 0 0 0 0 0 0 0 0 0 0 0 0
0 0.214380 0.734889 0.017698 0.029130 0 0 0 0 0 0 0 0 0 0 0 0
0 0.326099 0.779796 0.017698 0.029130 0 0 0 0 0 0 0 0 0 0 0 0
2 0.462628 0.503324 0.074214 0.127981 0.464099 0.439333 2 0.462313 0.567315 2 0.499734 0.506935 2 0.425521 0.500694 2
