1 0.819711 0.558931 0.019911 0.030824 0 0 0 0 0 0 0 0 0 0 0 0
1 0.552424 0.495005 0.018505 0.029565 0 0 0 0 0 0 0 0 0 0 0 0
1 0.522323 0.536236 0.018271 0.031231 0 0 0 0 0 0 0 0 0 0 0 0
1 0.514477 0.498546 0.016630 0.031648 0 0 0 0 0 0 0 0 0 0 0 0
1 0.483203 0.495005 0.016396 0.027898 0 0 0 0 0 0 0 0 0 0 0 0
1 0.277758 0.663736 0.018432 0.030843 0 0 0 0 0 0 0 0 0 0 0 0
1 0.175198 0.142579 0.019031 0.032028 0 0 0 0 0 0 0 0 0 0 0 0
1 0.191695 0.104245 0.018828 0.033120 0 0 0 0 0 0 0 0 0 0 0 0
1 0.247271 0.101366 0.019437 0.030954 0 0 0 0 0 0 0 0 0 0 0 0
1 0.534362 0.190991 0.017411 0.031667 0 0 0 0 0 0 0 0 0 0 0 0
1 0.623245 0.265856 0.018219 0.033120 0 0 0 0 0 0 0 0 0 0 0 0
1 0.706964 0.108023 0.018833 0.033472 0 0 0 0 0 0 0 0 0 0 0 0
0 0.195758 0.217722 0.019359 0.032000 0 0 0 0 0 0 0 0 0 0 0 0
2 0.498336 0.469236 0.079484 0.139380 0.498552 0.399546 2 0.497135 0.538926 2 0.538078 0.471120 2 0.458594 0.465796 2
