1 0.365445 0.202935 0.016620 0.030111 0 0 0 0 0 0 0 0 0 0 0 0
0 0.353547 0.309917 0.017698 0.029130 0 0 0 0 0 0 0 0 0 0 0 0
0 0.358151 0.179333 0.017698 0.029130 0 0 0 0 0 0 0 0 0 0 0 0
0 0.235370 0.135009 0.017698 0.029130 0 0 0 0 0 0 0 0 0 0 0 0
0 0.243771 0.282935 0.017698 0.029130 0 0 0 0 0 0 0 0 0 0 0 0
0 0.395557 0.576861 0.017698 0.029130 0 0 0 0 0 0 0 0 0 0 0 0
0 0.355443 0.623602 0.017698 0.029130 0 0 0 0 0 0 0 0 0 0 0 0
0 0.750250 0.863463 0.017698 0.029130 0 0 0 0 0 0 0 0 0 0 0 0
0 0.737297 0.188231 0.017698 0.029130 0 0 0 0 0 0 0 0 0 0 0 0
1 0.738503 0.139898 0.016620 0.030111 0 0 0 0 0 0 0 0 0 0 0 0
1 0.606867 0.142486 0.016620 0.030102 0 0 0 0 0 0 0 0 0 0 0 0
1 0.329016 0.521588 0.016625 0.030102 0 0 0 0 0 0 0 0 0 0 0 0
2 0.462628 0.503324 0.074214 0.127981 0.464099 0.439333 2 0.462313 0.567315 2 0.499734 0.506935 2 0.425521 0.500694 2
