1 0.682109 0.503644 0.017875 0.030102 0 0 0 0 0 0 0 0 0 0 0 0
1 0.800964 0.592287 0.017875 0.027870 0 0 0 0 0 0 0 0 0 0 0 0
1 0.793143 0.910333 0.018505 0.031648 0 0 0 0 0 0 0 0 0 0 0 0
0 0.547857 0.573148 0.017516 0.031370 0 0 0 0 0 0 0 0 0 0 0 0
1 0.745122 0.912000 0.018974 0.032481 0 0 0 0 0 0 0 0 0 0 0 0
1 0.486505 0.857028 0.017104 0.030815 0 0 0 0 0 0 0 0 0 0 0 0
1 0.163701 0.855569 0.018036 0.030398 0 0 0 0 0 0 0 0 0 0 0 0
0 0.163893 0.898699 0.019214 0.032769 0 0 0 0 0 0 0 0 0 0 0 0
1 0.284617 0.072407 0.018818 0.031778 0 0 0 0 0 0 0 0 0 0 0 0
1 0.393750 0.138750 0.018188 0.030667 0 0 0 0 0 0 0 0 0 0 0 0
1 0.682107 0.222935 0.018505 0.031778 0 0 0 0 0 0 0 0 0 0 0 0
1 0.395945 0.533472 0.017557 0.031778 0 0 0 0 0 0 0 0 0 0 0 0
1 0.469799 0.508940 0.016620 0.029546 0 0 0 0 0 0 0 0 0 0 0 0
2 0.498336 0.469236 0.079484 0.139380 0.498552 0.399546 2 0.497135 0.538926 2 0.538078 0.471120 2 0.458594 0.465796 2
