1 0.431508 0.447319 0.016620 0.030102 0 0 0 0 0 0 0 0 0 0 0 0
1 0.801654 0.034542 0.016620 0.030102 0 0 0 0 0 0 0 0 0 0 0 0
1 0.412565 0.644213 0.016620 0.030111 0 0 0 0 0 0 0 0 0 0 0 0
1 0.278982 0.758204 0.016620 0.030111 0 0 0 0 0 0 0 0 0 0 0 0
1 0.230893 0.729704 0.016620 0.030111 0 0 0 0 0 0 0 0 0 0 0 0
0 0.161198 0.083093 0.017698 0.029130 0 0 0 0 0 0 0 0 0 0 0 0
0 0.143526 0.103935 0.017698 0.029130 0 0 0 0 0 0 0 0 0 0 0 0
0 0.309760 0.193222 0.017698 0.029130 0 0 0 0 0 0 0 0 0 0 0 0
0 0.350182 0.191352 0.017698 0.029130 0 0 0 0 0 0 0 0 0 0 0 0
0 0.277208 0.897486 0.017698 0.029120 0 0 0 0 0 0 0 0 0 0 0 0
0 0.546521 0.340398 0.017698 0.029130 0 0 0 0 0 0 0 0 0 0 0 0
0 0.545469 0.427815 0.017698 0.029130 0 0 0 0 0 0 0 0 0 0 0 0
2 0.456495 0.499537 0.071500 0.126778 0.458641 0.436148 2 0.456292 0.562926 2 0.492245 0.503546 2 0.420745 0.496907 2
