0 0.738245 0.186796 0.017698 0.029130 0 0 0 0 0 0 0 0 0 0 0 0
0 0.376323 0.529954 0.017698 0.029130 0 0 0 0 0 0 0 0 0 0 0 0
0 0.284260 0.374199 0.017698 0.029120 0 0 0 0 0 0 0 0 0 0 0 0
0 0.164083 0.553685 0.017698 0.029130 0 0 0 0 0 0 0 0 0 0 0 0
0 0.745271 0.860616 0.017698 0.029120 0 0 0 0 0 0 0 0 0 0 0 0
0 0.236703 0.120991 0.017698 0.029130 0 0 0 0 0 0 0 0 0 0 0 0
1 0.617065 0.170120 0.016620 0.030111 0 0 0 0 0 0 0 0 0 0 0 0
1 0.602492 0.152847 0.016620 0.030102 0 0 0 0 0 0 0 0 0 0 0 0
1 0.738503 0.139032 0.016620 0.030102 0 0 0 0 0 0 0 0 0 0 0 0
1 0.633581 0.244384 0.016620 0.030102 0 0 0 0 0 0 0 0 0 0 0 0
