1 0.635419 0.188153 0.018703 0.033250 0 0 0 0 0 0 0 0 0 0 0 0
1 0.737740 0.172250 0.017885 0.031315 0 0 0 0 0 0 0 0 0 0 0 0
1 0.807128 0.286690 0.020057 0.032769 0 0 0 0 0 0 0 0 0 0 0 0
1 0.774872 0.330056 0.018432 0.031796 0 0 0 0 0 0 0 0 0 0 0 0
1 0.670927 0.565440 0.018698 0.031324 0 0 0 0 0 0 0 0 0 0 0 0
1 0.507729 0.839824 0.018042 0.033315 0 0 0 0 0 0 0 0 0 0 0 0
0 0.330766 0.647176 0.018448 0.032796 0 0 0 0 0 0 0 0 0 0 0 0
1 0.341122 0.191546 0.017495 0.030481 0 0 0 0 0 0 0 0 0 0 0 0
1 0.603031 0.213449 0.017344 0.031806 0 0 0 0 0 0 0 0 0 0 0 0
2 0.496753 0.469097 0.079516 0.136602 0.498938 0.400796 2 0.496786 0.537398 2 0.536510 0.469694 2 0.456995 0.467917 2
