0 0.367875 0.803111 0.017698 0.029130 0 0 0 0 0 0 0 0 0 0 0 0
0 0.416453 0.323833 0.017698 0.029130 0 0 0 0 0 0 0 0 0 0 0 0
0 0.441224 0.282380 0.017698 0.029130 0 0 0 0 0 0 0 0 0 0 0 0
0 0.373219 0.303111 0.017698 0.029130 0 0 0 0 0 0 0 0 0 0 0 0
0 0.636984 0.446454 0.017698 0.029130 0 0 0 0 0 0 0 0 0 0 0 0
0 0.704500 0.698620 0.017698 0.029130 0 0 0 0 0 0 0 0 0 0 0 0
0 0.234292 0.738343 0.017698 0.029130 0 0 0 0 0 0 0 0 0 0 0 0
0 0.160458 0.082037 0.017698 0.029130 0 0 0 0 0 0 0 0 0 0 0 0
1 0.531089 0.329880 0.016625 0.030111 0 0 0 0 0 0 0 0 0 0 0 0
1 0.485914 0.422282 0.016620 0.030102 0 0 0 0 0 0 0 0 0 0 0 0
1 0.334846 0.197755 0.016620 0.030102 0 0 0 0 0 0 0 0 0 0 0 0
1 0.324643 0.262523 0.016620 0.030102 0 0 0 0 0 0 0 0 0 0 0 0
1 0.555862 0.799653 0.016620 0.030102 0 0 0 0 0 0 0 0 0 0 0 0
2 0.462628 0.503324 0.074214 0.127981 0.464099 0.439333 2 0.462313 0.567315 2 0.499734 0.506935 2 0.425521 0.500694 2
