1 0.274612 0.133852 0.016620 0.030111 0 0 0 0 0 0 0 0 0 0 0 0
0 0.160953 0.084630 0.017698 0.029130 0 0 0 0 0 0 0 0 0 0 0 0
0 0.510229 0.120861 0.017698 0.029130 0 0 0 0 0 0 0 0 0 0 0 0
0 0.499922 0.204148 0.017698 0.029130 0 0 0 0 0 0 0 0 0 0 0 0
0 0.367802 0.802593 0.017698 0.029130 0 0 0 0 0 0 0 0 0 0 0 0
0 0.746823 0.516491 0.017698 0.029130 0 0 0 0 0 0 0 0 0 0 0 0
0 0.647031 0.452352 0.017698 0.029130 0 0 0 0 0 0 0 0 0 0 0 0
0 0.603927 0.436944 0.017698 0.029130 0 0 0 0 0 0 0 0 0 0 0 0
0 0.534120 0.502333 0.017698 0.029130 0 0 0 0 0 0 0 0 0 0 0 0
1 0.479112 0.532815 0.016620 0.030111 0 0 0 0 0 0 0 0 0 0 0 0
1 0.513602 0.531088 0.016620 0.030102 0 0 0 0 0 0 0 0 0 0 0 0
1 0.456284 0.613986 0.016620 0.030102 0 0 0 0 0 0 0 0 0 0 0 0
1 0.554888 0.798792 0.016620 0.030102 0 0 0 0 0 0 0 0 0 0 0 0
2 0.462628 0.503324 0.074214 0.127981 0.464099 0.439333 2 0.462313 0.567315 2 0.499734 0.506935 2 0.425521 0.500694 2
