1 0.720044 0.245250 0.016620 0.030111 0 0 0 0 0 0 0 0 0 0 0 0
0 0.199669 0.645389 0.013036 0.029130 0 0 0 0 0 0 0 0 0 0 0 0
1 0.574805 0.907597 0.016620 0.030102 0 0 0 0 0 0 0 0 0 0 0 0
1 0.103628 0.907597 0.016620 0.030102 0 0 0 0 0 0 0 0 0 0 0 0
1 0.081284 0.449912 0.016620 0.030102 0 0 0 0 0 0 0 0 0 0 0 0
0 0.722490 0.102167 0.017698 0.029130 0 0 0 0 0 0 0 0 0 0 0 0
0 0.855479 0.897046 0.017698 0.029130 0 0 0 0 0 0 0 0 0 0 0 0
0 0.839203 0.917889 0.017698 0.029130 0 0 0 0 0 0 0 0 0 0 0 0
0 0.521432 0.790657 0.017698 0.029130 0 0 0 0 0 0 0 0 0 0 0 0
0 0.564302 0.554852 0.017698 0.029130 0 0 0 0 0 0 0 0 0 0 0 0
2 0.544453 0.498329 0.075385 0.132861 0.544937 0.431898 2 0.544203 0.564759 2 0.582146 0.500657 2 0.506760 0.494648 2
