1 0.384878 0.189981 0.016620 0.030111 0 0 0 0 0 0 0 0 0 0 0 0
0 0.804385 0.260250 0.017698 0.029130 0 0 0 0 0 0 0 0 0 0 0 0
0 0.294927 0.143667 0.017698 0.029130 0 0 0 0 0 0 0 0 0 0 0 0
0 0.287609 0.224509 0.017698 0.029130 0 0 0 0 0 0 0 0 0 0 0 0
1 0.261497 0.860102 0.016620 0.030111 0 0 0 0 0 0 0 0 0 0 0 0
1 0.393622 0.857514 0.016620 0.030102 0 0 0 0 0 0 0 0 0 0 0 0
1 0.595206 0.259069 0.016620 0.030102 0 0 0 0 0 0 0 0 0 0 0 0
1 0.578206 0.320380 0.016620 0.030111 0 0 0 0 0 0 0 0 0 0 0 0
0 0.408609 0.235185 0.017698 0.029130 0 0 0 0 0 0 0 0 0 0 0 0
0 0.262260 0.812685 0.017698 0.029130 0 0 0 0 0 0 0 0 0 0 0 0
0 0.411745 0.525102 0.017698 0.029130 0 0 0 0 0 0 0 0 0 0 0 0
0 0.363661 0.291407 0.017698 0.029130 0 0 0 0 0 0 0 0 0 0 0 0
0 0.329427 0.359704 0.017698 0.029130 0 0 0 0 0 0 0 0 0 0 0 0
2 0.538112 0.497579 0.075391 0.132861 0.540687 0.431148 2 0.537859 0.564009 2 0.575807 0.499917 2 0.500417 0.493907 2
