0 0.814625 0.154681 0.017698 0.029120 0 0 0 0 0 0 0 0 0 0 0 0
1 0.595206 0.256477 0.016620 0.030102 0 0 0 0 0 0 0 0 0 0 0 0
0 0.307839 0.236111 0.017698 0.029130 0 0 0 0 0 0 0 0 0 0 0 0
1 0.578206 0.317787 0.016620 0.030111 0 0 0 0 0 0 0 0 0 0 0 0
1 0.393622 0.856648 0.016620 0.030111 0 0 0 0 0 0 0 0 0 0 0 0
1 0.261497 0.860102 0.016620 0.030111 0 0 0 0 0 0 0 0 0 0 0 0
0 0.295641 0.213944 0.017698 0.029130 0 0 0 0 0 0 0 0 0 0 0 0
0 0.295099 0.144565 0.017698 0.029130 0 0 0 0 0 0 0 0 0 0 0 0
0 0.288052 0.257315 0.017698 0.029130 0 0 0 0 0 0 0 0 0 0 0 0
0 0.329792 0.360912 0.017698 0.029120 0 0 0 0 0 0 0 0 0 0 0 0
0 0.323286 0.516546 0.017698 0.029130 0 0 0 0 0 0 0 0 0 0 0 0
0 0.262031 0.812889 0.017698 0.029130 0 0 0 0 0 0 0 0 0 0 0 0
1 0.381961 0.189981 0.016620 0.030111 0 0 0 0 0 0 0 0 0 0 0 0
2 0.538112 0.497579 0.075391 0.132861 0.540687 0.431148 2 0.537859 0.564009 2 0.575807 0.499917 2 0.500417 0.493907 2
