1 0.593789 0.768444 0.017078 0.031796 0 0 0 0 0 0 0 0 0 0 0 0
1 0.573461 0.904810 0.018161 0.035657 0 0 0 0 0 0 0 0 0 0 0 0
1 0.557201 0.869153 0.019245 0.032769 0 0 0 0 0 0 0 0 0 0 0 0
1 0.402164 0.740255 0.017620 0.033250 0 0 0 0 0 0 0 0 0 0 0 0
1 0.382242 0.700745 0.017349 0.030361 0 0 0 0 0 0 0 0 0 0 0 0
1 0.325732 0.762181 0.018161 0.030843 0 0 0 0 0 0 0 0 0 0 0 0
1 0.252685 0.753745 0.018974 0.030361 0 0 0 0 0 0 0 0 0 0 0 0
1 0.300659 0.479333 0.018974 0.030833 0 0 0 0 0 0 0 0 0 0 0 0
1 0.252016 0.105120 0.018740 0.032907 0 0 0 0 0 0 0 0 0 0 0 0
0 0.545747 0.574954 0.016797 0.031722 0 0 0 0 0 0 0 0 0 0 0 0
1 0.795443 0.899264 0.018156 0.035176 0 0 0 0 0 0 0 0 0 0 0 0
1 0.750857 0.563417 0.018432 0.031315 0 0 0 0 0 0 0 0 0 0 0 0
2 0.498336 0.469236 0.079484 0.139380 0.498552 0.399546 2 0.497135 0.538926 2 0.538078 0.471120 2 0.458594 0.465796 2
