1 0.383029 0.072940 0.016807 0.031324 0 0 0 0 0 0 0 0 0 0 0 0
1 0.588117 0.217014 0.016807 0.030602 0 0 0 0 0 0 0 0 0 0 0 0
1 0.662826 0.137648 0.016807 0.029519 0 0 0 0 0 0 0 0 0 0 0 0
1 0.679023 0.137292 0.017214 0.030231 0 0 0 0 0 0 0 0 0 0 0 0
1 0.707167 0.128111 0.017208 0.030593 0 0 0 0 0 0 0 0 0 0 0 0
1 0.738344 0.225653 0.017208 0.027713 0 0 0 0 0 0 0 0 0 0 0 0
0 0.376734 0.679579 0.017333 0.030398 0 0 0 0 0 0 0 0 0 0 0 0
1 0.507568 0.839380 0.016333 0.031463 0 0 0 0 0 0 0 0 0 0 0 0
1 0.792294 0.480847 0.017526 0.028769 0 0 0 0 0 0 0 0 0 0 0 0
2 0.498034 0.469236 0.080089 0.139380 0.498552 0.399546 2 0.497135 0.538926 2 0.538078 0.471120 2 0.457990 0.466065 2
