0 0.646224 0.816519 0.017698 0.029130 0 0 0 0 0 0 0 0 0 0 0 0
0 0.734656 0.898769 0.017698 0.029130 0 0 0 0 0 0 0 0 0 0 0 0
1 0.261497 0.860968 0.016620 0.030102 0 0 0 0 0 0 0 0 0 0 0 0
1 0.393133 0.854921 0.016620 0.030102 0 0 0 0 0 0 0 0 0 0 0 0
0 0.766083 0.842194 0.017698 0.029130 0 0 0 0 0 0 0 0 0 0 0 0
0 0.640370 0.707546 0.017698 0.029130 0 0 0 0 0 0 0 0 0 0 0 0
0 0.647005 0.530204 0.017698 0.029130 0 0 0 0 0 0 0 0 0 0 0 0
0 0.709865 0.394852 0.017698 0.029130 0 0 0 0 0 0 0 0 0 0 0 0
0 0.262115 0.812889 0.017698 0.029130 0 0 0 0 0 0 0 0 0 0 0 0
0 0.256245 0.108944 0.017698 0.029130 0 0 0 0 0 0 0 0 0 0 0 0
1 0.760362 0.721935 0.016620 0.030111 0 0 0 0 0 0 0 0 0 0 0 0
1 0.635039 0.793606 0.016620 0.030102 0 0 0 0 0 0 0 0 0 0 0 0
1 0.714701 0.426597 0.016620 0.030102 0 0 0 0 0 0 0 0 0 0 0 0
2 0.536302 0.495435 0.075385 0.132870 0.538880 0.429000 2 0.536052 0.561870 2 0.573995 0.497769 2 0.498609 0.491759 2
