1 0.507794 0.840759 0.016099 0.032944 0 0 0 0 0 0 0 0 0 0 0 0
1 0.744583 0.512204 0.018740 0.030407 0 0 0 0 0 0 0 0 0 0 0 0
1 0.738260 0.275657 0.017802 0.029574 0 0 0 0 0 0 0 0 0 0 0 0
1 0.792018 0.184245 0.019911 0.029991 0 0 0 0 0 0 0 0 0 0 0 0
1 0.768128 0.147389 0.018036 0.030407 0 0 0 0 0 0 0 0 0 0 0 0
1 0.662828 0.082213 0.016865 0.030815 0 0 0 0 0 0 0 0 0 0 0 0
1 0.595247 0.224227 0.016630 0.028324 0 0 0 0 0 0 0 0 0 0 0 0
1 0.373406 0.074931 0.017104 0.031231 0 0 0 0 0 0 0 0 0 0 0 0
0 0.389607 0.661120 0.018026 0.031111 0 0 0 0 0 0 0 0 0 0 0 0
2 0.498034 0.469236 0.080089 0.139380 0.498552 0.399546 2 0.497135 0.538926 2 0.538078 0.471120 2 0.457990 0.466065 2
