1 0.233810 0.677907 0.018828 0.030241 0 0 0 0 0 0 0 0 0 0 0 0
1 0.520901 0.781028 0.017208 0.030593 0 0 0 0 0 0 0 0 0 0 0 0
1 0.499643 0.899986 0.018828 0.030954 0 0 0 0 0 0 0 0 0 0 0 0
1 0.296167 0.624639 0.017615 0.030241 0 0 0 0 0 0 0 0 0 0 0 0
1 0.249195 0.517556 0.018828 0.029870 0 0 0 0 0 0 0 0 0 0 0 0
1 0.202529 0.468426 0.019036 0.029519 0 0 0 0 0 0 0 0 0 0 0 0
1 0.482633 0.511796 0.015995 0.029870 0 0 0 0 0 0 0 0 0 0 0 0
1 0.339206 0.229931 0.016870 0.028324 0 0 0 0 0 0 0 0 0 0 0 0
1 0.624076 0.075847 0.016193 0.030602 0 0 0 0 0 0 0 0 0 0 0 0
1 0.806372 0.873894 0.018016 0.032750 0 0 0 0 0 0 0 0 0 0 0 0
1 0.626586 0.774907 0.017214 0.029870 0 0 0 0 0 0 0 0 0 0 0 0
1 0.563721 0.730995 0.017005 0.027713 0 0 0 0 0 0 0 0 0 0 0 0
0 0.534948 0.563069 0.017479 0.031935 0 0 0 0 0 0 0 0 0 0 0 0
0 0.386599 0.901338 0.018052 0.035583 0 0 0 0 0 0 0 0 0 0 0 0
2 0.498034 0.469236 0.080089 0.139380 0.498552 0.399546 2 0.497135 0.538926 2 0.538078 0.471120 2 0.457990 0.466065 2
