0 0.207135 0.886542 0.005490 0.027083 0 0 0 0 0 0 0 0 0 0 0 0
0 0.355891 0.122111 0.017698 0.029130 0 0 0 0 0 0 0 0 0 0 0 0
0 0.422896 0.467468 0.017698 0.029120 0 0 0 0 0 0 0 0 0 0 0 0
1 0.573836 0.655440 0.016620 0.030102 0 0 0 0 0 0 0 0 0 0 0 0
1 0.626781 0.162347 0.016625 0.030102 0 0 0 0 0 0 0 0 0 0 0 0
1 0.444138 0.200347 0.016620 0.030102 0 0 0 0 0 0 0 0 0 0 0 0
1 0.345531 0.892917 0.016625 0.030111 0 0 0 0 0 0 0 0 0 0 0 0
1 0.111398 0.867014 0.016620 0.030102 0 0 0 0 0 0 0 0 0 0 0 0
0 0.621818 0.553185 0.017698 0.029130 0 0 0 0 0 0 0 0 0 0 0 0
0 0.640755 0.508069 0.017698 0.029120 0 0 0 0 0 0 0 0 0 0 0 0
0 0.540417 0.715606 0.017698 0.029120 0 0 0 0 0 0 0 0 0 0 0 0
0 0.775453 0.898148 0.017698 0.029130 0 0 0 0 0 0 0 0 0 0 0 0
2 0.538112 0.497579 0.075391 0.132861 0.540687 0.431148 2 0.537859 0.564009 2 0.575807 0.499917 2 0.500417 0.493907 2
