0 0.535195 0.563588 0.017734 0.031935 0 0 0 0 0 0 0 0 0 0 0 0
1 0.406854 0.200389 0.016260 0.030833 0 0 0 0 0 0 0 0 0 0 0 0
1 0.204656 0.492394 0.018969 0.030843 0 0 0 0 0 0 0 0 0 0 0 0
1 0.802435 0.894255 0.018703 0.032769 0 0 0 0 0 0 0 0 0 0 0 0
1 0.627208 0.775236 0.017344 0.031806 0 0 0 0 0 0 0 0 0 0 0 0
1 0.563919 0.732111 0.017620 0.030352 0 0 0 0 0 0 0 0 0 0 0 0
1 0.548201 0.791861 0.018161 0.031315 0 0 0 0 0 0 0 0 0 0 0 0
1 0.491687 0.914731 0.016802 0.032278 0 0 0 0 0 0 0 0 0 0 0 0
1 0.247753 0.522991 0.020599 0.031315 0 0 0 0 0 0 0 0 0 0 0 0
1 0.482745 0.512630 0.016802 0.028907 0 0 0 0 0 0 0 0 0 0 0 0
1 0.300742 0.588278 0.018703 0.028907 0 0 0 0 0 0 0 0 0 0 0 0
1 0.221326 0.647065 0.018161 0.028907 0 0 0 0 0 0 0 0 0 0 0 0
0 0.401099 0.909625 0.019094 0.035139 0 0 0 0 0 0 0 0 0 0 0 0
1 0.624227 0.077519 0.017349 0.032759 0 0 0 0 0 0 0 0 0 0 0 0
2 0.498034 0.469236 0.080089 0.139380 0.498552 0.399546 2 0.497135 0.538926 2 0.538078 0.471120 2 0.457990 0.466065 2
