0 0.535125 0.563940 0.017323 0.030491 0 0 0 0 0 0 0 0 0 0 0 0
1 0.633437 0.075583 0.017563 0.032333 0 0 0 0 0 0 0 0 0 0 0 0
1 0.820031 0.180671 0.017563 0.029546 0 0 0 0 0 0 0 0 0 0 0 0
1 0.818148 0.288833 0.018818 0.027315 0 0 0 0 0 0 0 0 0 0 0 0
1 0.819560 0.640065 0.019130 0.030667 0 0 0 0 0 0 0 0 0 0 0 0
1 0.816581 0.730106 0.018818 0.032343 0 0 0 0 0 0 0 0 0 0 0 0
1 0.810464 0.775824 0.019760 0.032333 0 0 0 0 0 0 0 0 0 0 0 0
1 0.784435 0.819028 0.019755 0.031778 0 0 0 0 0 0 0 0 0 0 0 0
1 0.563974 0.732056 0.017250 0.031778 0 0 0 0 0 0 0 0 0 0 0 0
1 0.540922 0.605782 0.017563 0.028991 0 0 0 0 0 0 0 0 0 0 0 0
1 0.482594 0.513236 0.017563 0.028991 0 0 0 0 0 0 0 0 0 0 0 0
1 0.437120 0.636167 0.017563 0.031778 0 0 0 0 0 0 0 0 0 0 0 0
1 0.409208 0.897083 0.017562 0.031778 0 0 0 0 0 0 0 0 0 0 0 0
0 0.799352 0.489907 0.019776 0.032352 0 0 0 0 0 0 0 0 0 0 0 0
2 0.498034 0.469236 0.080089 0.139380 0.498552 0.399546 2 0.497135 0.538926 2 0.538078 0.471120 2 0.457990 0.466065 2
