1 0.425195 0.089810 0.016620 0.030102 0 0 0 0 0 0 0 0 0 0 0 0
0 0.625130 0.540042 0.017698 0.014157 0 0 0 0 0 0 0 0 0 0 0 0
0 0.608813 0.541069 0.015333 0.013157 0 0 0 0 0 0 0 0 0 0 0 0
0 0.160979 0.083889 0.017698 0.029130 0 0 0 0 0 0 0 0 0 0 0 0
0 0.277010 0.895074 0.017698 0.029130 0 0 0 0 0 0 0 0 0 0 0 0
0 0.367641 0.802528 0.017698 0.029130 0 0 0 0 0 0 0 0 0 0 0 0
0 0.566151 0.785806 0.017698 0.029130 0 0 0 0 0 0 0 0 0 0 0 0
0 0.703823 0.711093 0.017698 0.029130 0 0 0 0 0 0 0 0 0 0 0 0
0 0.646120 0.458546 0.017698 0.029130 0 0 0 0 0 0 0 0 0 0 0 0
1 0.685557 0.639032 0.016625 0.030102 0 0 0 0 0 0 0 0 0 0 0 0
1 0.555375 0.810019 0.016625 0.030111 0 0 0 0 0 0 0 0 0 0 0 0
1 0.696242 0.333333 0.016620 0.030111 0 0 0 0 0 0 0 0 0 0 0 0
1 0.715187 0.272884 0.016625 0.030102 0 0 0 0 0 0 0 0 0 0 0 0
2 0.462628 0.503324 0.074214 0.127981 0.464099 0.439333 2 0.462313 0.567315 2 0.499734 0.506935 2 0.425521 0.500694 2
