1 0.481539 0.487046 0.016620 0.030111 0 0 0 0 0 0 0 0 0 0 0 0
1 0.567034 0.552676 0.016620 0.030111 0 0 0 0 0 0 0 0 0 0 0 0
0 0.453641 0.659028 0.017698 0.029130 0 0 0 0 0 0 0 0 0 0 0 0
0 0.449995 0.573486 0.017698 0.029120 0 0 0 0 0 0 0 0 0 0 0 0
0 0.413104 0.436352 0.017698 0.029130 0 0 0 0 0 0 0 0 0 0 0 0
0 0.652104 0.401611 0.017698 0.029130 0 0 0 0 0 0 0 0 0 0 0 0
0 0.722510 0.102694 0.017698 0.029130 0 0 0 0 0 0 0 0 0 0 0 0
1 0.586951 0.355787 0.016620 0.030111 0 0 0 0 0 0 0 0 0 0 0 0
1 0.197378 0.967185 0.016620 0.030111 0 0 0 0 0 0 0 0 0 0 0 0
1 0.484940 0.591537 0.016620 0.030111 0 0 0 0 0 0 0 0 0 0 0 0
2 0.542201 0.498662 0.075391 0.132861 0.544776 0.432231 2 0.541948 0.565093 2 0.579896 0.500991 2 0.504505 0.494981 2
