1 0.507461 0.840157 0.017151 0.030796 0 0 0 0 0 0 0 0 0 0 0 0
1 0.702044 0.543847 0.018203 0.028620 0 0 0 0 0 0 0 0 0 0 0 0
1 0.816836 0.264653 0.018547 0.030176 0 0 0 0 0 0 0 0 0 0 0 0
1 0.790586 0.234167 0.017849 0.029556 0 0 0 0 0 0 0 0 0 0 0 0
0 0.356536 0.682505 0.018000 0.031454 0 0 0 0 0 0 0 0 0 0 0 0
1 0.754102 0.221569 0.018026 0.028620 0 0 0 0 0 0 0 0 0 0 0 0
1 0.650161 0.143329 0.016271 0.028935 0 0 0 0 0 0 0 0 0 0 0 0
1 0.596003 0.219699 0.016797 0.030491 0 0 0 0 0 0 0 0 0 0 0 0
1 0.356172 0.133713 0.017323 0.030796 0 0 0 0 0 0 0 0 0 0 0 0
2 0.497664 0.471218 0.080089 0.139380 0.498177 0.401528 2 0.496766 0.540907 2 0.537708 0.473102 2 0.457620 0.468046 2
