0 0.631781 0.196204 0.017698 0.029130 0 0 0 0 0 0 0 0 0 0 0 0
0 0.690745 0.507981 0.017698 0.029130 0 0 0 0 0 0 0 0 0 0 0 0
0 0.893948 0.478954 0.011063 0.029130 0 0 0 0 0 0 0 0 0 0 0 0
0 0.863401 0.290269 0.017698 0.029130 0 0 0 0 0 0 0 0 0 0 0 0
0 0.755151 0.111269 0.017698 0.029130 0 0 0 0 0 0 0 0 0 0 0 0
0 0.261370 0.891259 0.017698 0.029130 0 0 0 0 0 0 0 0 0 0 0 0
0 0.841026 0.914370 0.017698 0.029130 0 0 0 0 0 0 0 0 0 0 0 0
1 0.819625 0.101037 0.016625 0.030111 0 0 0 0 0 0 0 0 0 0 0 0
1 0.445596 0.202074 0.016620 0.030111 0 0 0 0 0 0 0 0 0 0 0 0
1 0.482029 0.474093 0.016620 0.030111 0 0 0 0 0 0 0 0 0 0 0 0
1 0.521372 0.465458 0.016620 0.030102 0 0 0 0 0 0 0 0 0 0 0 0
1 0.543232 0.385144 0.016620 0.030102 0 0 0 0 0 0 0 0 0 0 0 0
2 0.538112 0.497579 0.075391 0.132861 0.540687 0.431148 2 0.537859 0.564009 2 0.575807 0.499917 2 0.500417 0.493907 2
