1 0.495388 0.150958 0.017245 0.030657 0 0 0 0 0 0 0 0 0 0 0 0
1 0.463716 0.294241 0.016620 0.029556 0 0 0 0 0 0 0 0 0 0 0 0
1 0.193703 0.271106 0.018500 0.028991 0 0 0 0 0 0 0 0 0 0 0 0
1 0.478768 0.494671 0.015995 0.028991 0 0 0 0 0 0 0 0 0 0 0 0
1 0.445841 0.634884 0.016620 0.029546 0 0 0 0 0 0 0 0 0 0 0 0
1 0.408521 0.895241 0.018500 0.031778 0 0 0 0 0 0 0 0 0 0 0 0
1 0.545565 0.599481 0.017245 0.031222 0 0 0 0 0 0 0 0 0 0 0 0
1 0.581315 0.764782 0.017245 0.034009 0 0 0 0 0 0 0 0 0 0 0 0
1 0.690607 0.858444 0.018818 0.030667 0 0 0 0 0 0 0 0 0 0 0 0
0 0.778029 0.547537 0.019505 0.032000 0 0 0 0 0 0 0 0 0 0 0 0
0 0.535977 0.556329 0.017849 0.031991 0 0 0 0 0 0 0 0 0 0 0 0
1 0.702208 0.410764 0.017562 0.029546 0 0 0 0 0 0 0 0 0 0 0 0
1 0.819654 0.638782 0.018505 0.028435 0 0 0 0 0 0 0 0 0 0 0 0
1 0.471398 0.184968 0.015682 0.030657 0 0 0 0 0 0 0 0 0 0 0 0
2 0.498034 0.469236 0.080089 0.139380 0.498552 0.399546 2 0.497135 0.538926 2 0.538078 0.471120 2 0.457990 0.466065 2
