0 0.224023 0.768667 0.016932 0.027556 0 0 0 0 0 0 0 0 0 0 0 0
1 0.237237 0.165921 0.016620 0.027731 0 0 0 0 0 0 0 0 0 0 0 0
1 0.219878 0.873236 0.016964 0.029139 0 0 0 0 0 0 0 0 0 0 0 0
1 0.517615 0.472597 0.014021 0.025194 0 0 0 0 0 0 0 0 0 0 0 0
1 0.703990 0.701245 0.015802 0.027157 0 0 0 0 0 0 0 0 0 0 0 0
0 0.495331 0.564190 0.014891 0.025028 0 0 0 0 0 0 0 0 0 0 0 0
0 0.540109 0.503620 0.014281 0.025759 0 0 0 0 0 0 0 0 0 0 0 0
0 0.730688 0.198509 0.016115 0.025241 0 0 0 0 0 0 0 0 0 0 0 0
0 0.666781 0.194625 0.014479 0.026213 0 0 0 0 0 0 0 0 0 0 0 0
0 0.564776 0.316736 0.014198 0.025731 0 0 0 0 0 0 0 0 0 0 0 0
0 0.499776 0.163310 0.013656 0.025731 0 0 0 0 0 0 0 0 0 0 0 0
0 0.238128 0.139412 0.016995 0.026435 0 0 0 0 0 0 0 0 0 0 0 0
0 0.284745 0.186829 0.014875 0.026435 0 0 0 0 0 0 0 0 0 0 0 0
0 0.314792 0.444569 0.015344 0.026009 0 0 0 0 0 0 0 0 0 0 0 0
0 0.223471 0.650579 0.016120 0.027194 0 0 0 0 0 0 0 0 0 0 0 0
0 0.296750 0.881824 0.016323 0.029019 0 0 0 0 0 0 0 0 0 0 0 0
0 0.502445 0.735542 0.014870 0.026861 0 0 0 0 0 0 0 0 0 0 0 0
0 0.564406 0.746454 0.014635 0.026019 0 0 0 0 0 0 0 0 0 0 0 0
0 0.792451 0.875444 0.016286 0.026852 0 0 0 0 0 0 0 0 0 0 0 0
2 0.513346 0.505634 0.053745 0.094620 0.492667 0.458324 2 0.534401 0.552944 2 0.540219 0.468750 2 0.486474 0.544870 2
