1 0.468544 0.516023 0.015995 0.028435 0 0 0 0 0 0 0 0 0 0 0 0
1 0.295750 0.627801 0.018500 0.028991 0 0 0 0 0 0 0 0 0 0 0 0
1 0.285089 0.789204 0.017875 0.031778 0 0 0 0 0 0 0 0 0 0 0 0
1 0.383714 0.914361 0.016937 0.032333 0 0 0 0 0 0 0 0 0 0 0 0
1 0.592104 0.504032 0.017250 0.028991 0 0 0 0 0 0 0 0 0 0 0 0
1 0.624875 0.793944 0.017562 0.031222 0 0 0 0 0 0 0 0 0 0 0 0
1 0.802687 0.886486 0.017563 0.033454 0 0 0 0 0 0 0 0 0 0 0 0
1 0.765526 0.801468 0.017875 0.031787 0 0 0 0 0 0 0 0 0 0 0 0
1 0.776971 0.645921 0.018193 0.030657 0 0 0 0 0 0 0 0 0 0 0 0
1 0.728677 0.562296 0.017563 0.030667 0 0 0 0 0 0 0 0 0 0 0 0
1 0.819622 0.564801 0.018818 0.028991 0 0 0 0 0 0 0 0 0 0 0 0
0 0.535005 0.563468 0.017281 0.030898 0 0 0 0 0 0 0 0 0 0 0 0
0 0.184164 0.723412 0.019880 0.031528 0 0 0 0 0 0 0 0 0 0 0 0
2 0.498034 0.469236 0.080089 0.139380 0.498552 0.399546 2 0.497135 0.538926 2 0.538078 0.471120 2 0.457990 0.466065 2
