0 0.301479 0.471167 0.017698 0.029130 0 0 0 0 0 0 0 0 0 0 0 0
1 0.237693 0.883417 0.016625 0.030111 0 0 0 0 0 0 0 0 0 0 0 0
1 0.397021 0.860102 0.016625 0.030111 0 0 0 0 0 0 0 0 0 0 0 0
1 0.372247 0.101037 0.016620 0.030111 0 0 0 0 0 0 0 0 0 0 0 0
1 0.483971 0.152847 0.016620 0.030102 0 0 0 0 0 0 0 0 0 0 0 0
1 0.512628 0.151986 0.016620 0.030102 0 0 0 0 0 0 0 0 0 0 0 0
0 0.253792 0.807389 0.017698 0.029130 0 0 0 0 0 0 0 0 0 0 0 0
0 0.306354 0.176370 0.017698 0.029130 0 0 0 0 0 0 0 0 0 0 0 0
0 0.300932 0.216833 0.017698 0.029130 0 0 0 0 0 0 0 0 0 0 0 0
0 0.285760 0.582917 0.017698 0.029130 0 0 0 0 0 0 0 0 0 0 0 0
0 0.571891 0.667694 0.017698 0.029130 0 0 0 0 0 0 0 0 0 0 0 0
0 0.565385 0.614713 0.017698 0.029130 0 0 0 0 0 0 0 0 0 0 0 0
2 0.536542 0.495653 0.075385 0.132861 0.539120 0.429222 2 0.536292 0.562083 2 0.574234 0.497991 2 0.498849 0.491981 2
