0 0.281891 0.395421 0.017698 0.029120 0 0 0 0 0 0 0 0 0 0 0 0
0 0.347120 0.511384 0.017698 0.029120 0 0 0 0 0 0 0 0 0 0 0 0
1 0.738018 0.140759 0.016620 0.030111 0 0 0 0 0 0 0 0 0 0 0 0
1 0.587435 0.245250 0.016620 0.030111 0 0 0 0 0 0 0 0 0 0 0 0
1 0.602979 0.130398 0.016625 0.030111 0 0 0 0 0 0 0 0 0 0 0 0
1 0.613180 0.184801 0.016620 0.030102 0 0 0 0 0 0 0 0 0 0 0 0
0 0.237047 0.120565 0.017698 0.029130 0 0 0 0 0 0 0 0 0 0 0 0
0 0.737552 0.186907 0.017698 0.029130 0 0 0 0 0 0 0 0 0 0 0 0
0 0.745078 0.860944 0.017698 0.029130 0 0 0 0 0 0 0 0 0 0 0 0
0 0.167427 0.603375 0.017698 0.029120 0 0 0 0 0 0 0 0 0 0 0 0
