1 0.624227 0.103347 0.017620 0.032769 0 0 0 0 0 0 0 0 0 0 0 0
1 0.188031 0.273704 0.019437 0.030593 0 0 0 0 0 0 0 0 0 0 0 0
1 0.221823 0.825625 0.018625 0.032398 0 0 0 0 0 0 0 0 0 0 0 0
1 0.420641 0.615421 0.018625 0.030231 0 0 0 0 0 0 0 0 0 0 0 0
1 0.382174 0.711884 0.017411 0.029509 0 0 0 0 0 0 0 0 0 0 0 0
1 0.429143 0.783333 0.017818 0.029870 0 0 0 0 0 0 0 0 0 0 0 0
1 0.749854 0.399685 0.018969 0.031796 0 0 0 0 0 0 0 0 0 0 0 0
1 0.422562 0.831384 0.017208 0.032398 0 0 0 0 0 0 0 0 0 0 0 0
1 0.556391 0.913264 0.017615 0.034194 0 0 0 0 0 0 0 0 0 0 0 0
1 0.592229 0.912907 0.018021 0.032759 0 0 0 0 0 0 0 0 0 0 0 0
1 0.689714 0.882495 0.018625 0.032398 0 0 0 0 0 0 0 0 0 0 0 0
0 0.746208 0.839009 0.019812 0.033333 0 0 0 0 0 0 0 0 0 0 0 0
2 0.498336 0.469236 0.079484 0.139380 0.498552 0.399546 2 0.497135 0.538926 2 0.538078 0.471120 2 0.458594 0.465796 2
