1 0.757987 0.508074 0.018724 0.029241 0 0 0 0 0 0 0 0 0 0 0 0
1 0.733294 0.280435 0.017391 0.024833 0 0 0 0 0 0 0 0 0 0 0 0
1 0.782807 0.165616 0.017615 0.029157 0 0 0 0 0 0 0 0 0 0 0 0
1 0.760333 0.124764 0.018427 0.029509 0 0 0 0 0 0 0 0 0 0 0 0
0 0.391602 0.650389 0.018026 0.032667 0 0 0 0 0 0 0 0 0 0 0 0
1 0.664760 0.088593 0.016417 0.032037 0 0 0 0 0 0 0 0 0 0 0 0
1 0.597349 0.225366 0.017208 0.027713 0 0 0 0 0 0 0 0 0 0 0 0
1 0.377669 0.075991 0.016786 0.032037 0 0 0 0 0 0 0 0 0 0 0 0
1 0.507672 0.840653 0.016094 0.029861 0 0 0 0 0 0 0 0 0 0 0 0
2 0.498034 0.469236 0.080089 0.139380 0.498552 0.399546 2 0.497135 0.538926 2 0.538078 0.471120 2 0.457990 0.466065 2
