1 0.382646 0.897519 0.018896 0.030481 0 0 0 0 0 0 0 0 0 0 0 0
1 0.286813 0.196894 0.017615 0.029509 0 0 0 0 0 0 0 0 0 0 0 0
1 0.171206 0.393417 0.018828 0.028074 0 0 0 0 0 0 0 0 0 0 0 0
1 0.272701 0.846505 0.018901 0.030917 0 0 0 0 0 0 0 0 0 0 0 0
1 0.309326 0.913384 0.016797 0.029861 0 0 0 0 0 0 0 0 0 0 0 0
1 0.403557 0.746486 0.016625 0.030176 0 0 0 0 0 0 0 0 0 0 0 0
1 0.396294 0.668718 0.017849 0.030806 0 0 0 0 0 0 0 0 0 0 0 0
1 0.521583 0.710718 0.017844 0.030176 0 0 0 0 0 0 0 0 0 0 0 0
1 0.629724 0.877769 0.017146 0.030796 0 0 0 0 0 0 0 0 0 0 0 0
1 0.649732 0.635019 0.019516 0.031315 0 0 0 0 0 0 0 0 0 0 0 0
1 0.807612 0.907264 0.019786 0.031324 0 0 0 0 0 0 0 0 0 0 0 0
0 0.490685 0.648116 0.016380 0.030731 0 0 0 0 0 0 0 0 0 0 0 0
0 0.500174 0.671815 0.017286 0.031130 0 0 0 0 0 0 0 0 0 0 0 0
2 0.498034 0.469236 0.080089 0.139380 0.498552 0.399546 2 0.497135 0.538926 2 0.538078 0.471120 2 0.457990 0.466065 2
