1 0.802750 0.886269 0.020698 0.032333 0 0 0 0 0 0 0 0 0 0 0 0
0 0.358768 0.860338 0.017870 0.031935 0 0 0 0 0 0 0 0 0 0 0 0
0 0.535026 0.563769 0.017396 0.030926 0 0 0 0 0 0 0 0 0 0 0 0
1 0.729052 0.561792 0.018188 0.027880 0 0 0 0 0 0 0 0 0 0 0 0
1 0.594362 0.487088 0.015995 0.028991 0 0 0 0 0 0 0 0 0 0 0 0
1 0.503102 0.863407 0.016620 0.032333 0 0 0 0 0 0 0 0 0 0 0 0
1 0.489305 0.881806 0.017245 0.031222 0 0 0 0 0 0 0 0 0 0 0 0
1 0.404786 0.845565 0.017562 0.031222 0 0 0 0 0 0 0 0 0 0 0 0
1 0.289068 0.796787 0.018188 0.030667 0 0 0 0 0 0 0 0 0 0 0 0
1 0.378445 0.596356 0.016932 0.028991 0 0 0 0 0 0 0 0 0 0 0 0
1 0.468919 0.515519 0.018505 0.031222 0 0 0 0 0 0 0 0 0 0 0 0
1 0.815919 0.560398 0.018818 0.029556 0 0 0 0 0 0 0 0 0 0 0 0
1 0.782680 0.649880 0.018193 0.030111 0 0 0 0 0 0 0 0 0 0 0 0
1 0.773583 0.786750 0.020073 0.031778 0 0 0 0 0 0 0 0 0 0 0 0
2 0.498034 0.469236 0.080089 0.139380 0.498552 0.399546 2 0.497135 0.538926 2 0.538078 0.471120 2 0.457990 0.466065 2
