1 0.670635 0.565157 0.018021 0.030481 0 0 0 0 0 0 0 0 0 0 0 0
1 0.603482 0.213116 0.016786 0.028769 0 0 0 0 0 0 0 0 0 0 0 0
1 0.340878 0.191046 0.017495 0.029556 0 0 0 0 0 0 0 0 0 0 0 0
0 0.330654 0.646755 0.018724 0.031417 0 0 0 0 0 0 0 0 0 0 0 0
1 0.635242 0.188106 0.017089 0.028769 0 0 0 0 0 0 0 0 0 0 0 0
1 0.737857 0.171574 0.017245 0.030111 0 0 0 0 0 0 0 0 0 0 0 0
1 0.807297 0.286583 0.018375 0.029556 0 0 0 0 0 0 0 0 0 0 0 0
1 0.774138 0.329981 0.018901 0.031111 0 0 0 0 0 0 0 0 0 0 0 0
1 0.507638 0.840315 0.016797 0.030796 0 0 0 0 0 0 0 0 0 0 0 0
2 0.498034 0.469236 0.080089 0.139380 0.498552 0.399546 2 0.497135 0.538926 2 0.538078 0.471120 2 0.457990 0.466065 2
