0 0.159490 0.081176 0.017698 0.029130 0 0 0 0 0 0 0 0 0 0 0 0
0 0.435880 0.443870 0.017698 0.029130 0 0 0 0 0 0 0 0 0 0 0 0
0 0.282385 0.185667 0.017698 0.029130 0 0 0 0 0 0 0 0 0 0 0 0
0 0.145885 0.105352 0.017698 0.029130 0 0 0 0 0 0 0 0 0 0 0 0
0 0.277042 0.898963 0.017698 0.029130 0 0 0 0 0 0 0 0 0 0 0 0
0 0.802130 0.356648 0.012823 0.029130 0 0 0 0 0 0 0 0 0 0 0 0
1 0.897346 0.089810 0.016620 0.030102 0 0 0 0 0 0 0 0 0 0 0 0
1 0.918232 0.550949 0.016620 0.030102 0 0 0 0 0 0 0 0 0 0 0 0
1 0.279469 0.755616 0.016625 0.030102 0 0 0 0 0 0 0 0 0 0 0 0
1 0.424708 0.088083 0.016625 0.030111 0 0 0 0 0 0 0 0 0 0 0 0
2 0.456211 0.500440 0.074214 0.128380 0.456547 0.436250 2 0.456797 0.564630 2 0.493318 0.504046 2 0.419104 0.497806 2
