1 0.196281 0.880667 0.018969 0.030833 0 0 0 0 0 0 0 0 0 0 0 0
1 0.202516 0.916565 0.020052 0.033241 0 0 0 0 0 0 0 0 0 0 0 0
1 0.277867 0.817782 0.020599 0.034213 0 0 0 0 0 0 0 0 0 0 0 0
1 0.309711 0.897532 0.018703 0.034694 0 0 0 0 0 0 0 0 0 0 0 0
1 0.360531 0.879218 0.017344 0.035657 0 0 0 0 0 0 0 0 0 0 0 0
1 0.352536 0.722861 0.017615 0.029389 0 0 0 0 0 0 0 0 0 0 0 0
1 0.819836 0.639213 0.018974 0.031315 0 0 0 0 0 0 0 0 0 0 0 0
1 0.578747 0.093995 0.018161 0.032769 0 0 0 0 0 0 0 0 0 0 0 0
1 0.463419 0.293486 0.017891 0.030843 0 0 0 0 0 0 0 0 0 0 0 0
1 0.191430 0.262162 0.019245 0.030843 0 0 0 0 0 0 0 0 0 0 0 0
1 0.479789 0.495185 0.016266 0.028907 0 0 0 0 0 0 0 0 0 0 0 0
1 0.455938 0.715634 0.017885 0.030361 0 0 0 0 0 0 0 0 0 0 0 0
0 0.792336 0.543421 0.018901 0.033065 0 0 0 0 0 0 0 0 0 0 0 0
0 0.548091 0.573134 0.017995 0.033343 0 0 0 0 0 0 0 0 0 0 0 0
2 0.498034 0.469236 0.080089 0.139380 0.498552 0.399546 2 0.497135 0.538926 2 0.538078 0.471120 2 0.457990 0.466065 2
