0 0.375914 0.680704 0.018505 0.034148 0 0 0 0 0 0 0 0 0 0 0 0
1 0.798211 0.475588 0.018828 0.027713 0 0 0 0 0 0 0 0 0 0 0 0
1 0.734419 0.225977 0.018828 0.028435 0 0 0 0 0 0 0 0 0 0 0 0
1 0.716195 0.112958 0.018016 0.029157 0 0 0 0 0 0 0 0 0 0 0 0
1 0.697771 0.117819 0.017208 0.031676 0 0 0 0 0 0 0 0 0 0 0 0
1 0.662339 0.138509 0.017208 0.030593 0 0 0 0 0 0 0 0 0 0 0 0
1 0.590568 0.218597 0.017010 0.030231 0 0 0 0 0 0 0 0 0 0 0 0
1 0.507479 0.840185 0.015750 0.031111 0 0 0 0 0 0 0 0 0 0 0 0
1 0.382841 0.071565 0.017411 0.028426 0 0 0 0 0 0 0 0 0 0 0 0
2 0.498034 0.469236 0.080089 0.139380 0.498552 0.399546 2 0.497135 0.538926 2 0.538078 0.471120 2 0.457990 0.466065 2
