1 0.444625 0.199481 0.016625 0.030111 0 0 0 0 0 0 0 0 0 0 0 0
0 0.527620 0.841889 0.017698 0.029130 0 0 0 0 0 0 0 0 0 0 0 0
0 0.636781 0.796593 0.017698 0.029130 0 0 0 0 0 0 0 0 0 0 0 0
0 0.434990 0.767500 0.017698 0.029130 0 0 0 0 0 0 0 0 0 0 0 0
1 0.265867 0.562176 0.016620 0.030111 0 0 0 0 0 0 0 0 0 0 0 0
1 0.428596 0.614852 0.016620 0.030111 0 0 0 0 0 0 0 0 0 0 0 0
1 0.522346 0.467185 0.016620 0.030111 0 0 0 0 0 0 0 0 0 0 0 0
1 0.633096 0.500000 0.016620 0.030111 0 0 0 0 0 0 0 0 0 0 0 0
0 0.355880 0.121167 0.017698 0.029130 0 0 0 0 0 0 0 0 0 0 0 0
0 0.841818 0.560259 0.017698 0.029130 0 0 0 0 0 0 0 0 0 0 0 0
0 0.243156 0.669421 0.017698 0.029120 0 0 0 0 0 0 0 0 0 0 0 0
0 0.378807 0.872787 0.017698 0.029130 0 0 0 0 0 0 0 0 0 0 0 0
2 0.538112 0.497579 0.075391 0.132861 0.540687 0.431148 2 0.537859 0.564009 2 0.575807 0.499917 2 0.500417 0.493907 2
