1 0.219719 0.873463 0.016729 0.028944 0 0 0 0 0 0 0 0 0 0 0 0
1 0.520771 0.475185 0.013875 0.024667 0 0 0 0 0 0 0 0 0 0 0 0
1 0.239458 0.141213 0.016594 0.029037 0 0 0 0 0 0 0 0 0 0 0 0
1 0.798310 0.160528 0.015693 0.028833 0 0 0 0 0 0 0 0 0 0 0 0
0 0.785367 0.175000 0.015818 0.026852 0 0 0 0 0 0 0 0 0 0 0 0
0 0.664870 0.155065 0.016052 0.027278 0 0 0 0 0 0 0 0 0 0 0 0
0 0.580365 0.151708 0.014635 0.028120 0 0 0 0 0 0 0 0 0 0 0 0
0 0.509786 0.149611 0.014635 0.027278 0 0 0 0 0 0 0 0 0 0 0 0
0 0.351404 0.144366 0.015109 0.026861 0 0 0 0 0 0 0 0 0 0 0 0
0 0.233047 0.292306 0.016750 0.028833 0 0 0 0 0 0 0 0 0 0 0 0
0 0.314594 0.444773 0.015521 0.026639 0 0 0 0 0 0 0 0 0 0 0 0
0 0.223401 0.651023 0.015865 0.027583 0 0 0 0 0 0 0 0 0 0 0 0
0 0.224042 0.768847 0.017135 0.028287 0 0 0 0 0 0 0 0 0 0 0 0
0 0.296365 0.881644 0.016115 0.028287 0 0 0 0 0 0 0 0 0 0 0 0
0 0.502289 0.734579 0.014745 0.027194 0 0 0 0 0 0 0 0 0 0 0 0
0 0.527279 0.570713 0.014474 0.024759 0 0 0 0 0 0 0 0 0 0 0 0
0 0.541615 0.498370 0.014750 0.025741 0 0 0 0 0 0 0 0 0 0 0 0
0 0.792188 0.875449 0.015344 0.027694 0 0 0 0 0 0 0 0 0 0 0 0
2 0.523138 0.505273 0.055693 0.096898 0.543849 0.456824 2 0.503807 0.553722 2 0.550984 0.541046 2 0.495292 0.469491 2
