1 0.819740 0.251741 0.018896 0.029241 0 0 0 0 0 0 0 0 0 0 0 0
0 0.747630 0.840412 0.018740 0.032491 0 0 0 0 0 0 0 0 0 0 0 0
1 0.689531 0.881917 0.018833 0.031667 0 0 0 0 0 0 0 0 0 0 0 0
1 0.608445 0.906931 0.018630 0.034917 0 0 0 0 0 0 0 0 0 0 0 0
1 0.577974 0.914671 0.018021 0.034546 0 0 0 0 0 0 0 0 0 0 0 0
1 0.535865 0.913051 0.017615 0.032750 0 0 0 0 0 0 0 0 0 0 0 0
1 0.451133 0.785634 0.017005 0.032028 0 0 0 0 0 0 0 0 0 0 0 0
1 0.391505 0.902435 0.018021 0.032389 0 0 0 0 0 0 0 0 0 0 0 0
1 0.272604 0.439250 0.018313 0.031556 0 0 0 0 0 0 0 0 0 0 0 0
1 0.562159 0.130907 0.016536 0.029870 0 0 0 0 0 0 0 0 0 0 0 0
1 0.581333 0.084398 0.017125 0.033463 0 0 0 0 0 0 0 0 0 0 0 0
1 0.597214 0.074986 0.016729 0.032306 0 0 0 0 0 0 0 0 0 0 0 0
1 0.778880 0.555963 0.019427 0.031074 0 0 0 0 0 0 0 0 0 0 0 0
2 0.498336 0.469236 0.079484 0.139380 0.498552 0.399546 2 0.497135 0.538926 2 0.538078 0.471120 2 0.458594 0.465796 2
