1 0.600549 0.338514 0.016620 0.030102 0 0 0 0 0 0 0 0 0 0 0 0
1 0.779307 0.924005 0.016625 0.030102 0 0 0 0 0 0 0 0 0 0 0 0
1 0.822539 0.707255 0.016620 0.030102 0 0 0 0 0 0 0 0 0 0 0 0
1 0.443167 0.202935 0.016625 0.030111 0 0 0 0 0 0 0 0 0 0 0 0
1 0.521372 0.468051 0.016620 0.030102 0 0 0 0 0 0 0 0 0 0 0 0
0 0.356375 0.120565 0.017698 0.029130 0 0 0 0 0 0 0 0 0 0 0 0
0 0.852109 0.131769 0.017698 0.029130 0 0 0 0 0 0 0 0 0 0 0 0
0 0.866943 0.212282 0.017698 0.029120 0 0 0 0 0 0 0 0 0 0 0 0
0 0.668500 0.491750 0.017698 0.029130 0 0 0 0 0 0 0 0 0 0 0 0
0 0.481078 0.456491 0.017698 0.029130 0 0 0 0 0 0 0 0 0 0 0 0
0 0.417526 0.780324 0.017698 0.029130 0 0 0 0 0 0 0 0 0 0 0 0
0 0.527630 0.717713 0.017698 0.029130 0 0 0 0 0 0 0 0 0 0 0 0
0 0.490391 0.816306 0.017698 0.029130 0 0 0 0 0 0 0 0 0 0 0 0
2 0.538112 0.497579 0.075391 0.132861 0.540687 0.431148 2 0.537859 0.564009 2 0.575807 0.499917 2 0.500417 0.493907 2
