0 0.378443 0.873583 0.017698 0.029130 0 0 0 0 0 0 0 0 0 0 0 0
0 0.356182 0.121917 0.017698 0.029130 0 0 0 0 0 0 0 0 0 0 0 0
0 0.856589 0.575435 0.017698 0.029130 0 0 0 0 0 0 0 0 0 0 0 0
0 0.638604 0.729907 0.017698 0.029130 0 0 0 0 0 0 0 0 0 0 0 0
1 0.633581 0.497407 0.016620 0.030111 0 0 0 0 0 0 0 0 0 0 0 0
1 0.520888 0.466319 0.016620 0.030102 0 0 0 0 0 0 0 0 0 0 0 0
1 0.445112 0.199481 0.016620 0.030111 0 0 0 0 0 0 0 0 0 0 0 0
1 0.450456 0.678755 0.016620 0.030102 0 0 0 0 0 0 0 0 0 0 0 0
1 0.239638 0.559583 0.016620 0.030111 0 0 0 0 0 0 0 0 0 0 0 0
0 0.534672 0.869083 0.017698 0.029130 0 0 0 0 0 0 0 0 0 0 0 0
0 0.436141 0.767398 0.017698 0.029130 0 0 0 0 0 0 0 0 0 0 0 0
0 0.248411 0.638750 0.017698 0.029130 0 0 0 0 0 0 0 0 0 0 0 0
2 0.538112 0.497579 0.075391 0.132861 0.540687 0.431148 2 0.537859 0.564009 2 0.575807 0.499917 2 0.500417 0.493907 2
