0 0.627240 0.685722 0.017698 0.029130 0 0 0 0 0 0 0 0 0 0 0 0
0 0.356510 0.121102 0.017698 0.029130 0 0 0 0 0 0 0 0 0 0 0 0
1 0.230893 0.569949 0.016620 0.030102 0 0 0 0 0 0 0 0 0 0 0 0
1 0.472797 0.719343 0.016625 0.030111 0 0 0 0 0 0 0 0 0 0 0 0
1 0.445112 0.201208 0.016620 0.030102 0 0 0 0 0 0 0 0 0 0 0 0
1 0.633581 0.500861 0.016620 0.030111 0 0 0 0 0 0 0 0 0 0 0 0
1 0.520404 0.466319 0.016620 0.030102 0 0 0 0 0 0 0 0 0 0 0 0
0 0.237667 0.632833 0.017698 0.029130 0 0 0 0 0 0 0 0 0 0 0 0
0 0.853797 0.593194 0.017698 0.029130 0 0 0 0 0 0 0 0 0 0 0 0
0 0.378188 0.872491 0.017698 0.029130 0 0 0 0 0 0 0 0 0 0 0 0
0 0.435422 0.766102 0.017698 0.029130 0 0 0 0 0 0 0 0 0 0 0 0
0 0.531333 0.893861 0.017698 0.029130 0 0 0 0 0 0 0 0 0 0 0 0
2 0.538112 0.497579 0.075391 0.132861 0.540687 0.431148 2 0.537859 0.564009 2 0.575807 0.499917 2 0.500417 0.493907 2
