0 0.492458 0.664306 0.017396 0.031537 0 0 0 0 0 0 0 0 0 0 0 0
0 0.208893 0.697806 0.019995 0.032537 0 0 0 0 0 0 0 0 0 0 0 0
1 0.300742 0.745106 0.018422 0.032028 0 0 0 0 0 0 0 0 0 0 0 0
1 0.310057 0.914815 0.017615 0.032389 0 0 0 0 0 0 0 0 0 0 0 0
1 0.613846 0.826625 0.018276 0.030398 0 0 0 0 0 0 0 0 0 0 0 0
1 0.775482 0.572588 0.018745 0.032065 0 0 0 0 0 0 0 0 0 0 0 0
1 0.819052 0.560514 0.019677 0.031231 0 0 0 0 0 0 0 0 0 0 0 0
1 0.286562 0.177329 0.017875 0.029546 0 0 0 0 0 0 0 0 0 0 0 0
1 0.175797 0.395213 0.018896 0.029870 0 0 0 0 0 0 0 0 0 0 0 0
1 0.468284 0.515917 0.016974 0.029241 0 0 0 0 0 0 0 0 0 0 0 0
1 0.239490 0.683278 0.019073 0.029870 0 0 0 0 0 0 0 0 0 0 0 0
1 0.250430 0.709718 0.017849 0.031102 0 0 0 0 0 0 0 0 0 0 0 0
1 0.222797 0.757523 0.017615 0.031676 0 0 0 0 0 0 0 0 0 0 0 0
2 0.498034 0.469236 0.080089 0.139380 0.498552 0.399546 2 0.497135 0.538926 2 0.538078 0.471120 2 0.457990 0.466065 2
