1 0.888602 0.130398 0.016620 0.030111 0 0 0 0 0 0 0 0 0 0 0 0
1 0.663698 0.113125 0.016625 0.030102 0 0 0 0 0 0 0 0 0 0 0 0
0 0.650099 0.123491 0.017698 0.029130 0 0 0 0 0 0 0 0 0 0 0 0
0 0.576266 0.531083 0.017698 0.029130 0 0 0 0 0 0 0 0 0 0 0 0
0 0.642323 0.874787 0.017698 0.029130 0 0 0 0 0 0 0 0 0 0 0 0
0 0.333875 0.474093 0.017698 0.029130 0 0 0 0 0 0 0 0 0 0 0 0
0 0.359130 0.402417 0.017698 0.029130 0 0 0 0 0 0 0 0 0 0 0 0
0 0.345047 0.363556 0.017698 0.029130 0 0 0 0 0 0 0 0 0 0 0 0
0 0.271698 0.080306 0.017698 0.029130 0 0 0 0 0 0 0 0 0 0 0 0
1 0.316872 0.723662 0.016620 0.030102 0 0 0 0 0 0 0 0 0 0 0 0
1 0.556346 0.797065 0.016620 0.030111 0 0 0 0 0 0 0 0 0 0 0 0
1 0.502430 0.650259 0.016620 0.030111 0 0 0 0 0 0 0 0 0 0 0 0
2 0.462628 0.503324 0.074214 0.127981 0.464099 0.439333 2 0.462313 0.567315 2 0.499734 0.506935 2 0.425521 0.500694 2
