0 0.434630 0.384944 0.017698 0.029130 0 0 0 0 0 0 0 0 0 0 0 0
0 0.428042 0.334208 0.017698 0.029120 0 0 0 0 0 0 0 0 0 0 0 0
0 0.736943 0.171417 0.017698 0.029130 0 0 0 0 0 0 0 0 0 0 0 0
0 0.698995 0.294625 0.017698 0.029120 0 0 0 0 0 0 0 0 0 0 0 0
0 0.727219 0.451287 0.017698 0.029130 0 0 0 0 0 0 0 0 0 0 0 0
0 0.714365 0.683213 0.017698 0.029130 0 0 0 0 0 0 0 0 0 0 0 0
0 0.691156 0.827051 0.017698 0.029120 0 0 0 0 0 0 0 0 0 0 0 0
1 0.714216 0.109671 0.016620 0.030102 0 0 0 0 0 0 0 0 0 0 0 0
1 0.619495 0.158894 0.016625 0.030102 0 0 0 0 0 0 0 0 0 0 0 0
1 0.584034 0.839375 0.016620 0.030102 0 0 0 0 0 0 0 0 0 0 0 0
1 0.588406 0.881690 0.016625 0.030102 0 0 0 0 0 0 0 0 0 0 0 0
1 0.661755 0.911917 0.016625 0.030111 0 0 0 0 0 0 0 0 0 0 0 0
2 0.462107 0.503435 0.074214 0.127981 0.463573 0.439444 2 0.461792 0.567426 2 0.499214 0.507046 2 0.425000 0.500806 2
