1 0.543232 0.382556 0.016620 0.030111 0 0 0 0 0 0 0 0 0 0 0 0
1 0.444625 0.202074 0.016625 0.030111 0 0 0 0 0 0 0 0 0 0 0 0
0 0.755234 0.111009 0.017698 0.029130 0 0 0 0 0 0 0 0 0 0 0 0
0 0.696354 0.559722 0.017698 0.029130 0 0 0 0 0 0 0 0 0 0 0 0
0 0.835641 0.917583 0.017698 0.029130 0 0 0 0 0 0 0 0 0 0 0 0
0 0.396437 0.896736 0.017698 0.029120 0 0 0 0 0 0 0 0 0 0 0 0
1 0.789508 0.124352 0.016620 0.030111 0 0 0 0 0 0 0 0 0 0 0 0
0 0.631901 0.197389 0.017698 0.029130 0 0 0 0 0 0 0 0 0 0 0 0
0 0.863891 0.332968 0.017698 0.029120 0 0 0 0 0 0 0 0 0 0 0 0
0 0.896625 0.487435 0.017698 0.029130 0 0 0 0 0 0 0 0 0 0 0 0
1 0.482513 0.472366 0.016620 0.030102 0 0 0 0 0 0 0 0 0 0 0 0
1 0.521857 0.468051 0.016620 0.030102 0 0 0 0 0 0 0 0 0 0 0 0
2 0.538112 0.497579 0.075391 0.132861 0.540687 0.431148 2 0.537859 0.564009 2 0.575807 0.499917 2 0.500417 0.493907 2
