0 0.690461 0.186412 0.017776 0.031380 0 0 0 0 0 0 0 0 0 0 0 0
0 0.547857 0.573380 0.017130 0.030907 0 0 0 0 0 0 0 0 0 0 0 0
1 0.819878 0.639935 0.018828 0.029148 0 0 0 0 0 0 0 0 0 0 0 0
1 0.665276 0.079630 0.016604 0.031315 0 0 0 0 0 0 0 0 0 0 0 0
1 0.469901 0.237620 0.018625 0.029833 0 0 0 0 0 0 0 0 0 0 0 0
1 0.423438 0.103560 0.017615 0.031676 0 0 0 0 0 0 0 0 0 0 0 0
1 0.176737 0.184185 0.017818 0.028796 0 0 0 0 0 0 0 0 0 0 0 0
1 0.171570 0.243935 0.018828 0.029519 0 0 0 0 0 0 0 0 0 0 0 0
1 0.470125 0.509838 0.015792 0.031713 0 0 0 0 0 0 0 0 0 0 0 0
1 0.247211 0.731736 0.018224 0.029843 0 0 0 0 0 0 0 0 0 0 0 0
1 0.319896 0.672690 0.018219 0.029880 0 0 0 0 0 0 0 0 0 0 0 0
1 0.377294 0.687463 0.017214 0.029907 0 0 0 0 0 0 0 0 0 0 0 0
1 0.396125 0.772389 0.017208 0.029870 0 0 0 0 0 0 0 0 0 0 0 0
1 0.455849 0.717157 0.016802 0.028759 0 0 0 0 0 0 0 0 0 0 0 0
2 0.498034 0.469236 0.080089 0.139380 0.498552 0.399546 2 0.497135 0.538926 2 0.538078 0.471120 2 0.457990 0.466065 2
