0 0.244651 0.888102 0.017698 0.029130 0 0 0 0 0 0 0 0 0 0 0 0
0 0.635526 0.219343 0.017698 0.029130 0 0 0 0 0 0 0 0 0 0 0 0
0 0.160271 0.083861 0.017698 0.029130 0 0 0 0 0 0 0 0 0 0 0 0
0 0.283776 0.459639 0.017698 0.029130 0 0 0 0 0 0 0 0 0 0 0 0
0 0.102167 0.510750 0.017698 0.029130 0 0 0 0 0 0 0 0 0 0 0 0
1 0.554888 0.800519 0.016620 0.030111 0 0 0 0 0 0 0 0 0 0 0 0
1 0.516516 0.526769 0.016625 0.030111 0 0 0 0 0 0 0 0 0 0 0 0
1 0.479112 0.531949 0.016620 0.030102 0 0 0 0 0 0 0 0 0 0 0 0
1 0.456768 0.615718 0.016620 0.030102 0 0 0 0 0 0 0 0 0 0 0 0
1 0.136174 0.810880 0.016620 0.030111 0 0 0 0 0 0 0 0 0 0 0 0
0 0.134109 0.768157 0.017698 0.029130 0 0 0 0 0 0 0 0 0 0 0 0
0 0.367875 0.802241 0.017698 0.029130 0 0 0 0 0 0 0 0 0 0 0 0
2 0.462628 0.503324 0.074214 0.127981 0.464099 0.439333 2 0.462313 0.567315 2 0.499734 0.506935 2 0.425521 0.500694 2
