1 0.819565 0.639356 0.018161 0.029880 0 0 0 0 0 0 0 0 0 0 0 0
1 0.666971 0.473361 0.018161 0.028426 0 0 0 0 0 0 0 0 0 0 0 0
1 0.444445 0.240384 0.017078 0.028917 0 0 0 0 0 0 0 0 0 0 0 0
1 0.479544 0.494319 0.017891 0.030843 0 0 0 0 0 0 0 0 0 0 0 0
1 0.442956 0.595028 0.017349 0.029870 0 0 0 0 0 0 0 0 0 0 0 0
1 0.409617 0.893292 0.017349 0.032769 0 0 0 0 0 0 0 0 0 0 0 0
1 0.463690 0.292907 0.018703 0.028907 0 0 0 0 0 0 0 0 0 0 0 0
1 0.547305 0.594542 0.017349 0.029880 0 0 0 0 0 0 0 0 0 0 0 0
1 0.560721 0.805593 0.017620 0.031796 0 0 0 0 0 0 0 0 0 0 0 0
1 0.191836 0.275801 0.018703 0.030361 0 0 0 0 0 0 0 0 0 0 0 0
1 0.486729 0.176056 0.016531 0.028426 0 0 0 0 0 0 0 0 0 0 0 0
0 0.542508 0.554736 0.017151 0.029861 0 0 0 0 0 0 0 0 0 0 0 0
0 0.782674 0.541977 0.020120 0.030491 0 0 0 0 0 0 0 0 0 0 0 0
1 0.644880 0.889435 0.018969 0.031796 0 0 0 0 0 0 0 0 0 0 0 0
2 0.498034 0.469236 0.080089 0.139380 0.498552 0.399546 2 0.497135 0.538926 2 0.538078 0.471120 2 0.457990 0.466065 2
