1 0.793602 0.909657 0.019057 0.032537 0 0 0 0 0 0 0 0 0 0 0 0
0 0.164062 0.899167 0.019083 0.033463 0 0 0 0 0 0 0 0 0 0 0 0
0 0.548042 0.572926 0.017479 0.030204 0 0 0 0 0 0 0 0 0 0 0 0
1 0.175466 0.104787 0.017849 0.032037 0 0 0 0 0 0 0 0 0 0 0 0
1 0.214747 0.071500 0.018724 0.032667 0 0 0 0 0 0 0 0 0 0 0 0
1 0.249831 0.160315 0.017849 0.031722 0 0 0 0 0 0 0 0 0 0 0 0
1 0.312914 0.074611 0.017672 0.032037 0 0 0 0 0 0 0 0 0 0 0 0
1 0.321313 0.176491 0.018375 0.031111 0 0 0 0 0 0 0 0 0 0 0 0
1 0.347211 0.221907 0.017672 0.030481 0 0 0 0 0 0 0 0 0 0 0 0
1 0.536396 0.134111 0.016010 0.031593 0 0 0 0 0 0 0 0 0 0 0 0
1 0.561536 0.082398 0.018625 0.032389 0 0 0 0 0 0 0 0 0 0 0 0
1 0.163776 0.855213 0.019948 0.033907 0 0 0 0 0 0 0 0 0 0 0 0
1 0.469997 0.509287 0.017495 0.030796 0 0 0 0 0 0 0 0 0 0 0 0
1 0.744753 0.911407 0.018755 0.033333 0 0 0 0 0 0 0 0 0 0 0 0
2 0.498336 0.469236 0.079484 0.139380 0.498552 0.399546 2 0.497135 0.538926 2 0.538078 0.471120 2 0.458594 0.465796 2
