1 0.413049 0.643352 0.016620 0.030111 0 0 0 0 0 0 0 0 0 0 0 0
0 0.275245 0.897074 0.017698 0.029130 0 0 0 0 0 0 0 0 0 0 0 0
0 0.581948 0.849125 0.017698 0.029120 0 0 0 0 0 0 0 0 0 0 0 0
0 0.657214 0.458861 0.017698 0.029130 0 0 0 0 0 0 0 0 0 0 0 0
0 0.548391 0.427083 0.017698 0.029130 0 0 0 0 0 0 0 0 0 0 0 0
0 0.546510 0.340676 0.017698 0.029130 0 0 0 0 0 0 0 0 0 0 0 0
1 0.432966 0.448185 0.016620 0.030111 0 0 0 0 0 0 0 0 0 0 0 0
1 0.802138 0.036269 0.016620 0.030111 0 0 0 0 0 0 0 0 0 0 0 0
1 0.634555 0.727977 0.016620 0.030102 0 0 0 0 0 0 0 0 0 0 0 0
1 0.558289 0.640759 0.016620 0.030111 0 0 0 0 0 0 0 0 0 0 0 0
2 0.456495 0.499537 0.071500 0.126778 0.458641 0.436148 2 0.456292 0.562926 2 0.492245 0.503546 2 0.420745 0.496907 2
