0 0.164052 0.898699 0.018823 0.032528 0 0 0 0 0 0 0 0 0 0 0 0
0 0.547945 0.572102 0.017516 0.031833 0 0 0 0 0 0 0 0 0 0 0 0
1 0.787771 0.817755 0.019948 0.031417 0 0 0 0 0 0 0 0 0 0 0 0
1 0.596250 0.756005 0.018021 0.032972 0 0 0 0 0 0 0 0 0 0 0 0
1 0.165753 0.848241 0.018547 0.030796 0 0 0 0 0 0 0 0 0 0 0 0
1 0.469982 0.509102 0.016974 0.029556 0 0 0 0 0 0 0 0 0 0 0 0
1 0.422195 0.341898 0.017089 0.030111 0 0 0 0 0 0 0 0 0 0 0 0
1 0.314216 0.383171 0.017391 0.029843 0 0 0 0 0 0 0 0 0 0 0 0
1 0.309526 0.283019 0.017396 0.030111 0 0 0 0 0 0 0 0 0 0 0 0
1 0.225214 0.329398 0.018750 0.030926 0 0 0 0 0 0 0 0 0 0 0 0
1 0.249487 0.160551 0.018599 0.030917 0 0 0 0 0 0 0 0 0 0 0 0
1 0.175456 0.104898 0.019359 0.034148 0 0 0 0 0 0 0 0 0 0 0 0
1 0.361628 0.091454 0.017547 0.032000 0 0 0 0 0 0 0 0 0 0 0 0
1 0.466510 0.089171 0.018604 0.033343 0 0 0 0 0 0 0 0 0 0 0 0
2 0.498336 0.469236 0.079484 0.139380 0.498552 0.399546 2 0.497135 0.538926 2 0.538078 0.471120 2 0.458594 0.465796 2
