0 0.376383 0.679995 0.018036 0.032898 0 0 0 0 0 0 0 0 0 0 0 0
1 0.507617 0.841532 0.017005 0.033120 0 0 0 0 0 0 0 0 0 0 0 0
1 0.795013 0.476560 0.018422 0.027361 0 0 0 0 0 0 0 0 0 0 0 0
1 0.739719 0.223838 0.017844 0.030491 0 0 0 0 0 0 0 0 0 0 0 0
1 0.711458 0.120713 0.017677 0.030796 0 0 0 0 0 0 0 0 0 0 0 0
1 0.687398 0.128644 0.017151 0.026750 0 0 0 0 0 0 0 0 0 0 0 0
1 0.663336 0.135023 0.016974 0.030176 0 0 0 0 0 0 0 0 0 0 0 0
1 0.586992 0.219204 0.016453 0.029556 0 0 0 0 0 0 0 0 0 0 0 0
1 0.383310 0.072370 0.017151 0.031426 0 0 0 0 0 0 0 0 0 0 0 0
2 0.498034 0.469236 0.080089 0.139380 0.498552 0.399546 2 0.497135 0.538926 2 0.538078 0.471120 2 0.457990 0.466065 2
