1 0.403820 0.741796 0.016620 0.030111 0 0 0 0 0 0 0 0 0 0 0 0
0 0.737729 0.188051 0.017698 0.029120 0 0 0 0 0 0 0 0 0 0 0 0
0 0.165880 0.882787 0.017698 0.029130 0 0 0 0 0 0 0 0 0 0 0 0
0 0.659714 0.484134 0.017698 0.029120 0 0 0 0 0 0 0 0 0 0 0 0
0 0.669875 0.638954 0.017698 0.029130 0 0 0 0 0 0 0 0 0 0 0 0
0 0.668786 0.762806 0.017698 0.029130 0 0 0 0 0 0 0 0 0 0 0 0
0 0.705797 0.855046 0.017698 0.029130 0 0 0 0 0 0 0 0 0 0 0 0
0 0.719948 0.792472 0.017698 0.029130 0 0 0 0 0 0 0 0 0 0 0 0
0 0.715229 0.763444 0.017698 0.029130 0 0 0 0 0 0 0 0 0 0 0 0
1 0.422279 0.681347 0.016620 0.030102 0 0 0 0 0 0 0 0 0 0 0 0
1 0.616581 0.811745 0.016620 0.030102 0 0 0 0 0 0 0 0 0 0 0 0
1 0.607352 0.144213 0.016620 0.030111 0 0 0 0 0 0 0 0 0 0 0 0
1 0.738503 0.139898 0.016620 0.030111 0 0 0 0 0 0 0 0 0 0 0 0
2 0.461971 0.503454 0.074214 0.127981 0.463438 0.439463 2 0.461656 0.567444 2 0.499078 0.507065 2 0.424865 0.500824 2
