1 0.166552 0.580509 0.019031 0.029870 0 0 0 0 0 0 0 0 0 0 0 0
1 0.257151 0.508523 0.017208 0.027713 0 0 0 0 0 0 0 0 0 0 0 0
1 0.234578 0.495565 0.018219 0.027722 0 0 0 0 0 0 0 0 0 0 0 0
1 0.216255 0.477028 0.017208 0.027352 0 0 0 0 0 0 0 0 0 0 0 0
1 0.273044 0.384167 0.017411 0.029519 0 0 0 0 0 0 0 0 0 0 0 0
1 0.624216 0.076782 0.016807 0.031676 0 0 0 0 0 0 0 0 0 0 0 0
0 0.534937 0.563361 0.017396 0.029926 0 0 0 0 0 0 0 0 0 0 0 0
0 0.391539 0.911093 0.018734 0.034648 0 0 0 0 0 0 0 0 0 0 0 0
1 0.802964 0.886995 0.017417 0.031602 0 0 0 0 0 0 0 0 0 0 0 0
1 0.488872 0.883032 0.017818 0.033120 0 0 0 0 0 0 0 0 0 0 0 0
1 0.334190 0.736361 0.017818 0.030593 0 0 0 0 0 0 0 0 0 0 0 0
1 0.240654 0.685431 0.017818 0.027361 0 0 0 0 0 0 0 0 0 0 0 0
1 0.290458 0.614167 0.019031 0.028796 0 0 0 0 0 0 0 0 0 0 0 0
1 0.187708 0.588431 0.018427 0.029157 0 0 0 0 0 0 0 0 0 0 0 0
2 0.498034 0.469236 0.080089 0.139380 0.498552 0.399546 2 0.497135 0.538926 2 0.538078 0.471120 2 0.457990 0.466065 2
