0 0.572823 0.664769 0.017698 0.029130 0 0 0 0 0 0 0 0 0 0 0 0
0 0.565479 0.613144 0.017698 0.029120 0 0 0 0 0 0 0 0 0 0 0 0
0 0.288745 0.230639 0.017698 0.029130 0 0 0 0 0 0 0 0 0 0 0 0
0 0.316031 0.485019 0.017698 0.029130 0 0 0 0 0 0 0 0 0 0 0 0
0 0.340870 0.493731 0.017698 0.029130 0 0 0 0 0 0 0 0 0 0 0 0
1 0.263440 0.876509 0.016620 0.030111 0 0 0 0 0 0 0 0 0 0 0 0
1 0.393622 0.863560 0.016620 0.030102 0 0 0 0 0 0 0 0 0 0 0 0
1 0.399935 0.149394 0.016620 0.030102 0 0 0 0 0 0 0 0 0 0 0 0
1 0.601036 0.183940 0.016625 0.030102 0 0 0 0 0 0 0 0 0 0 0 0
1 0.552945 0.221069 0.016620 0.030102 0 0 0 0 0 0 0 0 0 0 0 0
0 0.257953 0.817769 0.017698 0.029130 0 0 0 0 0 0 0 0 0 0 0 0
0 0.299240 0.146667 0.017698 0.029130 0 0 0 0 0 0 0 0 0 0 0 0
2 0.538112 0.497579 0.075391 0.132861 0.540687 0.431148 2 0.537859 0.564009 2 0.575807 0.499917 2 0.500417 0.493907 2
