1 0.110914 0.865282 0.016620 0.030102 0 0 0 0 0 0 0 0 0 0 0 0
1 0.443654 0.201208 0.016620 0.030102 0 0 0 0 0 0 0 0 0 0 0 0
1 0.644268 0.333333 0.016620 0.030111 0 0 0 0 0 0 0 0 0 0 0 0
1 0.516516 0.291884 0.016625 0.030102 0 0 0 0 0 0 0 0 0 0 0 0
0 0.363302 0.886231 0.017698 0.029130 0 0 0 0 0 0 0 0 0 0 0 0
0 0.736354 0.920935 0.017698 0.029130 0 0 0 0 0 0 0 0 0 0 0 0
1 0.348930 0.894644 0.016620 0.030102 0 0 0 0 0 0 0 0 0 0 0 0
0 0.661505 0.533417 0.017698 0.029130 0 0 0 0 0 0 0 0 0 0 0 0
0 0.422630 0.468380 0.017698 0.029130 0 0 0 0 0 0 0 0 0 0 0 0
0 0.644573 0.617278 0.017698 0.029130 0 0 0 0 0 0 0 0 0 0 0 0
0 0.649714 0.572120 0.017698 0.029130 0 0 0 0 0 0 0 0 0 0 0 0
0 0.355807 0.122185 0.017698 0.029130 0 0 0 0 0 0 0 0 0 0 0 0
2 0.538112 0.497579 0.075391 0.132861 0.540687 0.431148 2 0.537859 0.564009 2 0.575807 0.499917 2 0.500417 0.493907 2
