1 0.080794 0.450778 0.016620 0.030111 0 0 0 0 0 0 0 0 0 0 0 0
1 0.574805 0.909329 0.016620 0.030102 0 0 0 0 0 0 0 0 0 0 0 0
1 0.720044 0.244384 0.016620 0.030102 0 0 0 0 0 0 0 0 0 0 0 0
0 0.839349 0.918315 0.017698 0.029130 0 0 0 0 0 0 0 0 0 0 0 0
0 0.855984 0.897611 0.017698 0.029130 0 0 0 0 0 0 0 0 0 0 0 0
0 0.722375 0.102731 0.017698 0.029130 0 0 0 0 0 0 0 0 0 0 0 0
0 0.563552 0.554583 0.017698 0.029130 0 0 0 0 0 0 0 0 0 0 0 0
0 0.723547 0.779463 0.017698 0.029130 0 0 0 0 0 0 0 0 0 0 0 0
0 0.199281 0.646241 0.012031 0.029130 0 0 0 0 0 0 0 0 0 0 0 0
1 0.103628 0.910190 0.016620 0.030102 0 0 0 0 0 0 0 0 0 0 0 0
2 0.545109 0.499023 0.075385 0.131472 0.544807 0.433287 2 0.544854 0.564759 2 0.582802 0.500657 2 0.507417 0.494648 2
