0 0.407089 0.223204 0.017698 0.029130 0 0 0 0 0 0 0 0 0 0 0 0
1 0.445112 0.201208 0.016620 0.030102 0 0 0 0 0 0 0 0 0 0 0 0
1 0.314930 0.361829 0.016620 0.030102 0 0 0 0 0 0 0 0 0 0 0 0
1 0.303271 0.664074 0.016625 0.030111 0 0 0 0 0 0 0 0 0 0 0 0
1 0.250810 0.712435 0.016620 0.030111 0 0 0 0 0 0 0 0 0 0 0 0
1 0.575779 0.909324 0.016620 0.030111 0 0 0 0 0 0 0 0 0 0 0 0
0 0.297010 0.299023 0.017698 0.029120 0 0 0 0 0 0 0 0 0 0 0 0
0 0.383568 0.446769 0.017698 0.029130 0 0 0 0 0 0 0 0 0 0 0 0
0 0.395484 0.465167 0.017698 0.029130 0 0 0 0 0 0 0 0 0 0 0 0
0 0.352521 0.541542 0.017698 0.029120 0 0 0 0 0 0 0 0 0 0 0 0
0 0.632880 0.195884 0.017698 0.029120 0 0 0 0 0 0 0 0 0 0 0 0
0 0.722255 0.099435 0.017698 0.029130 0 0 0 0 0 0 0 0 0 0 0 0
0 0.838604 0.916194 0.017698 0.029130 0 0 0 0 0 0 0 0 0 0 0 0
