1 0.353078 0.722810 0.017615 0.030843 0 0 0 0 0 0 0 0 0 0 0 0
1 0.537214 0.090537 0.017417 0.035481 0 0 0 0 0 0 0 0 0 0 0 0
1 0.463596 0.294023 0.018505 0.032065 0 0 0 0 0 0 0 0 0 0 0 0
1 0.180831 0.869537 0.018974 0.031315 0 0 0 0 0 0 0 0 0 0 0 0
1 0.193977 0.914588 0.018161 0.031806 0 0 0 0 0 0 0 0 0 0 0 0
0 0.548227 0.573032 0.018703 0.031139 0 0 0 0 0 0 0 0 0 0 0 0
0 0.781750 0.550681 0.020115 0.031991 0 0 0 0 0 0 0 0 0 0 0 0
1 0.479523 0.495796 0.017099 0.029148 0 0 0 0 0 0 0 0 0 0 0 0
1 0.185768 0.284736 0.019911 0.031231 0 0 0 0 0 0 0 0 0 0 0 0
1 0.456073 0.715824 0.016531 0.031315 0 0 0 0 0 0 0 0 0 0 0 0
1 0.316758 0.870500 0.018703 0.033241 0 0 0 0 0 0 0 0 0 0 0 0
1 0.361076 0.879412 0.018432 0.031806 0 0 0 0 0 0 0 0 0 0 0 0
1 0.818966 0.639505 0.018828 0.030954 0 0 0 0 0 0 0 0 0 0 0 0
1 0.273122 0.794125 0.018161 0.029880 0 0 0 0 0 0 0 0 0 0 0 0
2 0.498034 0.469236 0.080089 0.139380 0.498552 0.399546 2 0.497135 0.538926 2 0.538078 0.471120 2 0.457990 0.466065 2
