0 0.689927 0.368741 0.017698 0.029130 0 0 0 0 0 0 0 0 0 0 0 0
0 0.622896 0.244389 0.017698 0.029130 0 0 0 0 0 0 0 0 0 0 0 0
0 0.704016 0.766843 0.017698 0.029130 0 0 0 0 0 0 0 0 0 0 0 0
0 0.423250 0.619167 0.017698 0.029130 0 0 0 0 0 0 0 0 0 0 0 0
0 0.348932 0.310880 0.017698 0.029130 0 0 0 0 0 0 0 0 0 0 0 0
0 0.144432 0.791880 0.017698 0.029130 0 0 0 0 0 0 0 0 0 0 0 0
1 0.394591 0.467185 0.016620 0.030111 0 0 0 0 0 0 0 0 0 0 0 0
1 0.344076 0.098444 0.016620 0.030111 0 0 0 0 0 0 0 0 0 0 0 0
1 0.306185 0.223662 0.016620 0.030102 0 0 0 0 0 0 0 0 0 0 0 0
1 0.563148 0.783245 0.016620 0.030102 0 0 0 0 0 0 0 0 0 0 0 0
2 0.462628 0.503324 0.074214 0.127981 0.464099 0.439333 2 0.462313 0.567315 2 0.499734 0.506935 2 0.425521 0.500694 2
