1 0.542260 0.386009 0.016625 0.030111 0 0 0 0 0 0 0 0 0 0 0 0
0 0.897505 0.482898 0.017698 0.029130 0 0 0 0 0 0 0 0 0 0 0 0
0 0.731031 0.500556 0.017698 0.029130 0 0 0 0 0 0 0 0 0 0 0 0
1 0.859940 0.158032 0.016620 0.030102 0 0 0 0 0 0 0 0 0 0 0 0
0 0.867708 0.234806 0.017698 0.029130 0 0 0 0 0 0 0 0 0 0 0 0
0 0.755599 0.110755 0.017698 0.029120 0 0 0 0 0 0 0 0 0 0 0 0
0 0.630677 0.196704 0.017698 0.029130 0 0 0 0 0 0 0 0 0 0 0 0
0 0.837917 0.913583 0.017698 0.029130 0 0 0 0 0 0 0 0 0 0 0 0
1 0.444138 0.200347 0.016620 0.030102 0 0 0 0 0 0 0 0 0 0 0 0
1 0.482997 0.473231 0.016620 0.030111 0 0 0 0 0 0 0 0 0 0 0 0
1 0.521857 0.465458 0.016620 0.030102 0 0 0 0 0 0 0 0 0 0 0 0
0 0.321255 0.819731 0.017698 0.029130 0 0 0 0 0 0 0 0 0 0 0 0
2 0.538112 0.497579 0.075391 0.132861 0.540687 0.431148 2 0.537859 0.564009 2 0.575807 0.499917 2 0.500417 0.493907 2
