0 0.688677 0.130644 0.018302 0.033546 0 0 0 0 0 0 0 0 0 0 0 0
1 0.819289 0.639648 0.018828 0.030241 0 0 0 0 0 0 0 0 0 0 0 0
1 0.360477 0.878810 0.018505 0.032065 0 0 0 0 0 0 0 0 0 0 0 0
1 0.455935 0.716394 0.016870 0.031231 0 0 0 0 0 0 0 0 0 0 0 0
1 0.247565 0.731176 0.018974 0.029981 0 0 0 0 0 0 0 0 0 0 0 0
1 0.381911 0.548144 0.018271 0.028731 0 0 0 0 0 0 0 0 0 0 0 0
1 0.479477 0.495046 0.016630 0.028315 0 0 0 0 0 0 0 0 0 0 0 0
1 0.174125 0.213523 0.018271 0.029991 0 0 0 0 0 0 0 0 0 0 0 0
1 0.177875 0.180829 0.019677 0.032065 0 0 0 0 0 0 0 0 0 0 0 0
1 0.251784 0.370528 0.019911 0.029981 0 0 0 0 0 0 0 0 0 0 0 0
1 0.424427 0.099208 0.017573 0.031231 0 0 0 0 0 0 0 0 0 0 0 0
1 0.457924 0.306602 0.016630 0.030407 0 0 0 0 0 0 0 0 0 0 0 0
1 0.678594 0.092333 0.018042 0.032481 0 0 0 0 0 0 0 0 0 0 0 0
0 0.548294 0.573051 0.017474 0.030898 0 0 0 0 0 0 0 0 0 0 0 0
2 0.498034 0.469236 0.080089 0.139380 0.498552 0.399546 2 0.497135 0.538926 2 0.538078 0.471120 2 0.457990 0.466065 2
