1 0.679221 0.093083 0.017349 0.031315 0 0 0 0 0 0 0 0 0 0 0 0
1 0.425255 0.100310 0.016802 0.030361 0 0 0 0 0 0 0 0 0 0 0 0
1 0.178068 0.181741 0.018427 0.028426 0 0 0 0 0 0 0 0 0 0 0 0
1 0.174951 0.218366 0.018703 0.031324 0 0 0 0 0 0 0 0 0 0 0 0
1 0.450734 0.310157 0.017344 0.030833 0 0 0 0 0 0 0 0 0 0 0 0
1 0.275779 0.415199 0.018703 0.029880 0 0 0 0 0 0 0 0 0 0 0 0
1 0.404927 0.519278 0.016260 0.028907 0 0 0 0 0 0 0 0 0 0 0 0
1 0.474586 0.501931 0.016807 0.029880 0 0 0 0 0 0 0 0 0 0 0 0
1 0.247727 0.731051 0.018974 0.030361 0 0 0 0 0 0 0 0 0 0 0 0
1 0.355193 0.872236 0.017615 0.033250 0 0 0 0 0 0 0 0 0 0 0 0
1 0.456156 0.716597 0.016802 0.029398 0 0 0 0 0 0 0 0 0 0 0 0
1 0.819424 0.639069 0.019245 0.028306 0 0 0 0 0 0 0 0 0 0 0 0
0 0.682227 0.136606 0.017849 0.031935 0 0 0 0 0 0 0 0 0 0 0 0
0 0.548195 0.572611 0.017911 0.030907 0 0 0 0 0 0 0 0 0 0 0 0
2 0.498273 0.470366 0.080089 0.139380 0.498786 0.400676 2 0.497375 0.540056 2 0.538318 0.472250 2 0.458229 0.467194 2
