1 0.444138 0.201208 0.016620 0.030102 0 0 0 0 0 0 0 0 0 0 0 0
0 0.893565 0.479727 0.008391 0.029120 0 0 0 0 0 0 0 0 0 0 0 0
0 0.631359 0.197662 0.017698 0.029120 0 0 0 0 0 0 0 0 0 0 0 0
0 0.755130 0.111731 0.017698 0.029130 0 0 0 0 0 0 0 0 0 0 0 0
0 0.859708 0.275560 0.017698 0.029120 0 0 0 0 0 0 0 0 0 0 0 0
0 0.698219 0.489463 0.017698 0.029130 0 0 0 0 0 0 0 0 0 0 0 0
0 0.841589 0.910352 0.017698 0.029130 0 0 0 0 0 0 0 0 0 0 0 0
0 0.254948 0.865509 0.017698 0.029130 0 0 0 0 0 0 0 0 0 0 0 0
1 0.541773 0.385144 0.016620 0.030102 0 0 0 0 0 0 0 0 0 0 0 0
1 0.520888 0.467185 0.016620 0.030111 0 0 0 0 0 0 0 0 0 0 0 0
1 0.482029 0.476685 0.016620 0.030111 0 0 0 0 0 0 0 0 0 0 0 0
1 0.832740 0.119171 0.016625 0.030102 0 0 0 0 0 0 0 0 0 0 0 0
2 0.538112 0.497579 0.075391 0.132861 0.540687 0.431148 2 0.537859 0.564009 2 0.575807 0.499917 2 0.500417 0.493907 2
