1 0.890060 0.134718 0.016620 0.030102 0 0 0 0 0 0 0 0 0 0 0 0
1 0.664185 0.105352 0.016620 0.030111 0 0 0 0 0 0 0 0 0 0 0 0
1 0.622409 0.873921 0.016620 0.030102 0 0 0 0 0 0 0 0 0 0 0 0
1 0.366419 0.569083 0.016620 0.030111 0 0 0 0 0 0 0 0 0 0 0 0
1 0.171148 0.077718 0.016620 0.030102 0 0 0 0 0 0 0 0 0 0 0 0
0 0.143875 0.102861 0.017698 0.029130 0 0 0 0 0 0 0 0 0 0 0 0
0 0.255943 0.188898 0.017698 0.029130 0 0 0 0 0 0 0 0 0 0 0 0
0 0.193781 0.257463 0.017698 0.029130 0 0 0 0 0 0 0 0 0 0 0 0
0 0.160208 0.095065 0.017698 0.029130 0 0 0 0 0 0 0 0 0 0 0 0
0 0.190307 0.077324 0.017698 0.029130 0 0 0 0 0 0 0 0 0 0 0 0
0 0.578208 0.531954 0.017698 0.029130 0 0 0 0 0 0 0 0 0 0 0 0
0 0.664672 0.850602 0.017698 0.029130 0 0 0 0 0 0 0 0 0 0 0 0
2 0.462628 0.503324 0.074214 0.127981 0.464099 0.439333 2 0.462313 0.567315 2 0.499734 0.506935 2 0.425521 0.500694 2
