1 0.286693 0.195852 0.016604 0.029870 0 0 0 0 0 0 0 0 0 0 0 0
1 0.171591 0.392912 0.018828 0.028787 0 0 0 0 0 0 0 0 0 0 0 0
1 0.245289 0.813852 0.019432 0.030593 0 0 0 0 0 0 0 0 0 0 0 0
1 0.635029 0.839593 0.017005 0.028074 0 0 0 0 0 0 0 0 0 0 0 0
1 0.618122 0.745287 0.018016 0.029519 0 0 0 0 0 0 0 0 0 0 0 0
1 0.524789 0.660162 0.015995 0.027713 0 0 0 0 0 0 0 0 0 0 0 0
1 0.411107 0.864787 0.017411 0.029519 0 0 0 0 0 0 0 0 0 0 0 0
1 0.379320 0.771921 0.017005 0.029509 0 0 0 0 0 0 0 0 0 0 0 0
1 0.395820 0.668079 0.016807 0.029157 0 0 0 0 0 0 0 0 0 0 0 0
1 0.309570 0.915356 0.017609 0.034917 0 0 0 0 0 0 0 0 0 0 0 0
1 0.734336 0.910495 0.018828 0.030231 0 0 0 0 0 0 0 0 0 0 0 0
0 0.496844 0.664986 0.017396 0.033935 0 0 0 0 0 0 0 0 0 0 0 0
0 0.467302 0.677542 0.017740 0.032139 0 0 0 0 0 0 0 0 0 0 0 0
2 0.498034 0.469236 0.080089 0.139380 0.498552 0.399546 2 0.497135 0.538926 2 0.538078 0.471120 2 0.457990 0.466065 2
