1 0.700958 0.133250 0.018021 0.030167 0 0 0 0 0 0 0 0 0 0 0 0
1 0.382943 0.072468 0.018219 0.030231 0 0 0 0 0 0 0 0 0 0 0 0
1 0.590193 0.215843 0.017323 0.028611 0 0 0 0 0 0 0 0 0 0 0 0
1 0.660276 0.141028 0.017146 0.030796 0 0 0 0 0 0 0 0 0 0 0 0
1 0.680924 0.143361 0.017151 0.031111 0 0 0 0 0 0 0 0 0 0 0 0
0 0.376969 0.677079 0.017802 0.031231 0 0 0 0 0 0 0 0 0 0 0 0
1 0.733333 0.235750 0.017323 0.029241 0 0 0 0 0 0 0 0 0 0 0 0
1 0.789500 0.486171 0.019250 0.029861 0 0 0 0 0 0 0 0 0 0 0 0
1 0.507427 0.840500 0.016802 0.032352 0 0 0 0 0 0 0 0 0 0 0 0
2 0.498034 0.469236 0.080089 0.139380 0.498552 0.399546 2 0.497135 0.538926 2 0.538078 0.471120 2 0.457990 0.466065 2
