1 0.198346 0.968912 0.016620 0.030102 0 0 0 0 0 0 0 0 0 0 0 0
1 0.768622 0.270292 0.016620 0.030102 0 0 0 0 0 0 0 0 0 0 0 0
1 0.719560 0.244384 0.016620 0.030102 0 0 0 0 0 0 0 0 0 0 0 0
1 0.567518 0.553542 0.016620 0.030102 0 0 0 0 0 0 0 0 0 0 0 0
1 0.587919 0.358375 0.016620 0.030102 0 0 0 0 0 0 0 0 0 0 0 0
0 0.722729 0.102435 0.017698 0.029130 0 0 0 0 0 0 0 0 0 0 0 0
0 0.454464 0.572148 0.017698 0.029130 0 0 0 0 0 0 0 0 0 0 0 0
0 0.453589 0.658741 0.017698 0.029130 0 0 0 0 0 0 0 0 0 0 0 0
0 0.648781 0.809296 0.017698 0.029130 0 0 0 0 0 0 0 0 0 0 0 0
0 0.689464 0.806444 0.017698 0.029130 0 0 0 0 0 0 0 0 0 0 0 0
0 0.840828 0.916880 0.017698 0.029130 0 0 0 0 0 0 0 0 0 0 0 0
0 0.856576 0.898991 0.017703 0.029130 0 0 0 0 0 0 0 0 0 0 0 0
2 0.542044 0.501014 0.075391 0.132861 0.544620 0.434583 2 0.541792 0.567444 2 0.579740 0.503352 2 0.504349 0.497343 2
