0 0.277276 0.897454 0.017698 0.029130 0 0 0 0 0 0 0 0 0 0 0 0
1 0.800680 0.034542 0.016620 0.030102 0 0 0 0 0 0 0 0 0 0 0 0
1 0.580633 0.613125 0.016620 0.030102 0 0 0 0 0 0 0 0 0 0 0 0
1 0.505344 0.536269 0.016625 0.030111 0 0 0 0 0 0 0 0 0 0 0 0
1 0.413049 0.639898 0.016620 0.030111 0 0 0 0 0 0 0 0 0 0 0 0
1 0.431508 0.444731 0.016620 0.030111 0 0 0 0 0 0 0 0 0 0 0 0
0 0.458557 0.865722 0.017698 0.029130 0 0 0 0 0 0 0 0 0 0 0 0
0 0.652266 0.605963 0.017698 0.029130 0 0 0 0 0 0 0 0 0 0 0 0
0 0.549198 0.427093 0.017698 0.029130 0 0 0 0 0 0 0 0 0 0 0 0
0 0.545703 0.341546 0.017698 0.029130 0 0 0 0 0 0 0 0 0 0 0 0
2 0.456495 0.499537 0.071500 0.126778 0.458641 0.436148 2 0.456292 0.562926 2 0.492245 0.503546 2 0.420745 0.496907 2
