0 0.548099 0.572963 0.017677 0.031759 0 0 0 0 0 0 0 0 0 0 0 0
1 0.819193 0.639431 0.018740 0.029991 0 0 0 0 0 0 0 0 0 0 0 0
1 0.456099 0.716472 0.018271 0.031648 0 0 0 0 0 0 0 0 0 0 0 0
1 0.366263 0.831833 0.018505 0.032481 0 0 0 0 0 0 0 0 0 0 0 0
1 0.248312 0.731259 0.018740 0.029574 0 0 0 0 0 0 0 0 0 0 0 0
1 0.474604 0.503458 0.017333 0.029565 0 0 0 0 0 0 0 0 0 0 0 0
1 0.431151 0.502000 0.017573 0.029148 0 0 0 0 0 0 0 0 0 0 0 0
1 0.291651 0.470560 0.017802 0.029565 0 0 0 0 0 0 0 0 0 0 0 0
1 0.447081 0.302102 0.017568 0.031648 0 0 0 0 0 0 0 0 0 0 0 0
1 0.175581 0.210065 0.019911 0.029981 0 0 0 0 0 0 0 0 0 0 0 0
1 0.177568 0.180708 0.018740 0.030398 0 0 0 0 0 0 0 0 0 0 0 0
1 0.424943 0.099912 0.016865 0.030398 0 0 0 0 0 0 0 0 0 0 0 0
1 0.678500 0.091213 0.017104 0.030815 0 0 0 0 0 0 0 0 0 0 0 0
0 0.691917 0.129023 0.018302 0.032528 0 0 0 0 0 0 0 0 0 0 0 0
2 0.498034 0.469236 0.080089 0.139380 0.498552 0.399546 2 0.497135 0.538926 2 0.538078 0.471120 2 0.457990 0.466065 2
