1 0.251419 0.104125 0.019214 0.030676 0 0 0 0 0 0 0 0 0 0 0 0
1 0.795417 0.899634 0.019250 0.033602 0 0 0 0 0 0 0 0 0 0 0 0
0 0.545438 0.574843 0.016729 0.031370 0 0 0 0 0 0 0 0 0 0 0 0
1 0.382378 0.701236 0.017849 0.031194 0 0 0 0 0 0 0 0 0 0 0 0
1 0.402044 0.740356 0.017859 0.030917 0 0 0 0 0 0 0 0 0 0 0 0
1 0.556979 0.868204 0.016802 0.033111 0 0 0 0 0 0 0 0 0 0 0 0
1 0.573682 0.905458 0.017010 0.033472 0 0 0 0 0 0 0 0 0 0 0 0
1 0.593523 0.768866 0.017818 0.030954 0 0 0 0 0 0 0 0 0 0 0 0
1 0.750771 0.563241 0.018323 0.030444 0 0 0 0 0 0 0 0 0 0 0 0
1 0.325891 0.762671 0.018906 0.030917 0 0 0 0 0 0 0 0 0 0 0 0
1 0.252474 0.753667 0.019073 0.030648 0 0 0 0 0 0 0 0 0 0 0 0
1 0.300612 0.479204 0.018026 0.029556 0 0 0 0 0 0 0 0 0 0 0 0
2 0.498336 0.469236 0.079484 0.139380 0.498552 0.399546 2 0.497135 0.538926 2 0.538078 0.471120 2 0.458594 0.465796 2
