1 0.422560 0.831880 0.018547 0.034222 0 0 0 0 0 0 0 0 0 0 0 0
1 0.592383 0.913074 0.018026 0.034222 0 0 0 0 0 0 0 0 0 0 0 0
1 0.689063 0.882278 0.018198 0.034222 0 0 0 0 0 0 0 0 0 0 0 0
0 0.518565 0.200833 0.017516 0.031833 0 0 0 0 0 0 0 0 0 0 0 0
1 0.749320 0.399838 0.017995 0.029306 0 0 0 0 0 0 0 0 0 0 0 0
1 0.510505 0.116889 0.017542 0.032000 0 0 0 0 0 0 0 0 0 0 0 0
1 0.497799 0.098204 0.017245 0.033333 0 0 0 0 0 0 0 0 0 0 0 0
1 0.484565 0.186926 0.017089 0.031185 0 0 0 0 0 0 0 0 0 0 0 0
1 0.343995 0.127509 0.017844 0.031185 0 0 0 0 0 0 0 0 0 0 0 0
1 0.221680 0.825190 0.019599 0.031417 0 0 0 0 0 0 0 0 0 0 0 0
1 0.382576 0.711491 0.018370 0.029870 0 0 0 0 0 0 0 0 0 0 0 0
1 0.429297 0.783194 0.018021 0.032037 0 0 0 0 0 0 0 0 0 0 0 0
1 0.556859 0.913852 0.017677 0.033907 0 0 0 0 0 0 0 0 0 0 0 0
2 0.498336 0.469236 0.079484 0.139380 0.498552 0.399546 2 0.497135 0.538926 2 0.538078 0.471120 2 0.458594 0.465796 2
