1 0.197378 0.966319 0.016620 0.030102 0 0 0 0 0 0 0 0 0 0 0 0
1 0.567034 0.552676 0.016620 0.030111 0 0 0 0 0 0 0 0 0 0 0 0
1 0.396049 0.337648 0.016620 0.030111 0 0 0 0 0 0 0 0 0 0 0 0
1 0.485914 0.440412 0.016620 0.030102 0 0 0 0 0 0 0 0 0 0 0 0
1 0.587919 0.358375 0.016620 0.030102 0 0 0 0 0 0 0 0 0 0 0 0
0 0.453219 0.658444 0.017698 0.029130 0 0 0 0 0 0 0 0 0 0 0 0
0 0.450333 0.573056 0.017698 0.029130 0 0 0 0 0 0 0 0 0 0 0 0
0 0.335547 0.448444 0.017698 0.029130 0 0 0 0 0 0 0 0 0 0 0 0
0 0.489021 0.102046 0.017698 0.029130 0 0 0 0 0 0 0 0 0 0 0 0
0 0.722339 0.102435 0.017698 0.029130 0 0 0 0 0 0 0 0 0 0 0 0
2 0.542352 0.498662 0.075391 0.132861 0.544927 0.432231 2 0.542099 0.565093 2 0.580047 0.500991 2 0.504656 0.494981 2
