1 0.164516 0.649282 0.018427 0.034213 0 0 0 0 0 0 0 0 0 0 0 0
1 0.285807 0.202606 0.017615 0.029398 0 0 0 0 0 0 0 0 0 0 0 0
1 0.183635 0.395106 0.018729 0.026991 0 0 0 0 0 0 0 0 0 0 0 0
1 0.250977 0.670005 0.018432 0.033250 0 0 0 0 0 0 0 0 0 0 0 0
1 0.341518 0.674338 0.016828 0.028435 0 0 0 0 0 0 0 0 0 0 0 0
1 0.819180 0.562356 0.018901 0.030176 0 0 0 0 0 0 0 0 0 0 0 0
1 0.789956 0.558727 0.016932 0.028435 0 0 0 0 0 0 0 0 0 0 0 0
1 0.614495 0.822708 0.017875 0.030102 0 0 0 0 0 0 0 0 0 0 0 0
0 0.496469 0.663699 0.017792 0.032028 0 0 0 0 0 0 0 0 0 0 0 0
1 0.300172 0.744690 0.018156 0.029398 0 0 0 0 0 0 0 0 0 0 0 0
1 0.309253 0.914060 0.017349 0.032769 0 0 0 0 0 0 0 0 0 0 0 0
1 0.467883 0.516352 0.016307 0.027315 0 0 0 0 0 0 0 0 0 0 0 0
0 0.230229 0.672634 0.019135 0.031769 0 0 0 0 0 0 0 0 0 0 0 0
2 0.498034 0.469236 0.080089 0.139380 0.498552 0.399546 2 0.497135 0.538926 2 0.538078 0.471120 2 0.457990 0.466065 2
