1 0.290659 0.614199 0.018828 0.029880 0 0 0 0 0 0 0 0 0 0 0 0
1 0.802240 0.887319 0.017417 0.032250 0 0 0 0 0 0 0 0 0 0 0 0
1 0.489378 0.883069 0.017005 0.032028 0 0 0 0 0 0 0 0 0 0 0 0
1 0.350286 0.873713 0.019438 0.031315 0 0 0 0 0 0 0 0 0 0 0 0
1 0.240956 0.683486 0.017818 0.029509 0 0 0 0 0 0 0 0 0 0 0 0
1 0.163615 0.656671 0.019031 0.030602 0 0 0 0 0 0 0 0 0 0 0 0
1 0.163109 0.592245 0.018427 0.029157 0 0 0 0 0 0 0 0 0 0 0 0
1 0.209573 0.451329 0.018625 0.030231 0 0 0 0 0 0 0 0 0 0 0 0
1 0.223951 0.471306 0.017818 0.029148 0 0 0 0 0 0 0 0 0 0 0 0
1 0.238323 0.453671 0.018625 0.029880 0 0 0 0 0 0 0 0 0 0 0 0
1 0.275576 0.380426 0.017411 0.027352 0 0 0 0 0 0 0 0 0 0 0 0
1 0.623924 0.075667 0.016380 0.030593 0 0 0 0 0 0 0 0 0 0 0 0
0 0.535185 0.563227 0.019089 0.033139 0 0 0 0 0 0 0 0 0 0 0 0
0 0.391266 0.911505 0.019740 0.035546 0 0 0 0 0 0 0 0 0 0 0 0
2 0.498034 0.469236 0.080089 0.139380 0.498552 0.399546 2 0.497135 0.538926 2 0.538078 0.471120 2 0.457990 0.466065 2
