0 0.636615 0.708194 0.017698 0.029130 0 0 0 0 0 0 0 0 0 0 0 0
0 0.669542 0.640176 0.017698 0.029130 0 0 0 0 0 0 0 0 0 0 0 0
0 0.588005 0.476269 0.017698 0.029130 0 0 0 0 0 0 0 0 0 0 0 0
0 0.712505 0.776213 0.017698 0.029130 0 0 0 0 0 0 0 0 0 0 0 0
0 0.704979 0.853704 0.017698 0.029130 0 0 0 0 0 0 0 0 0 0 0 0
0 0.591453 0.765620 0.017698 0.029130 0 0 0 0 0 0 0 0 0 0 0 0
0 0.194750 0.738861 0.017698 0.029130 0 0 0 0 0 0 0 0 0 0 0 0
0 0.737255 0.186944 0.017698 0.029130 0 0 0 0 0 0 0 0 0 0 0 0
1 0.606867 0.145079 0.016620 0.030102 0 0 0 0 0 0 0 0 0 0 0 0
1 0.737044 0.139032 0.016620 0.030102 0 0 0 0 0 0 0 0 0 0 0 0
1 0.614638 0.810019 0.016620 0.030111 0 0 0 0 0 0 0 0 0 0 0 0
1 0.422279 0.679620 0.016620 0.030111 0 0 0 0 0 0 0 0 0 0 0 0
1 0.404794 0.745250 0.016620 0.030111 0 0 0 0 0 0 0 0 0 0 0 0
2 0.462628 0.503324 0.074214 0.127981 0.464099 0.439333 2 0.462313 0.567315 2 0.499734 0.506935 2 0.425521 0.500694 2
