1 0.707164 0.833468 0.017557 0.032898 0 0 0 0 0 0 0 0 0 0 0 0
0 0.535185 0.564190 0.017057 0.030731 0 0 0 0 0 0 0 0 0 0 0 0
0 0.800622 0.506991 0.019964 0.031722 0 0 0 0 0 0 0 0 0 0 0 0
1 0.175607 0.554157 0.019443 0.031778 0 0 0 0 0 0 0 0 0 0 0 0
1 0.164477 0.609069 0.019130 0.030102 0 0 0 0 0 0 0 0 0 0 0 0
1 0.624672 0.076366 0.018156 0.032898 0 0 0 0 0 0 0 0 0 0 0 0
1 0.725508 0.575338 0.016620 0.030657 0 0 0 0 0 0 0 0 0 0 0 0
1 0.815513 0.907898 0.019755 0.032333 0 0 0 0 0 0 0 0 0 0 0 0
1 0.625628 0.810333 0.017557 0.031222 0 0 0 0 0 0 0 0 0 0 0 0
1 0.563674 0.732560 0.017214 0.030657 0 0 0 0 0 0 0 0 0 0 0 0
1 0.482466 0.512060 0.016620 0.027880 0 0 0 0 0 0 0 0 0 0 0 0
1 0.408615 0.896745 0.016937 0.033454 0 0 0 0 0 0 0 0 0 0 0 0
1 0.370982 0.627745 0.016932 0.029546 0 0 0 0 0 0 0 0 0 0 0 0
1 0.317357 0.505093 0.016932 0.029556 0 0 0 0 0 0 0 0 0 0 0 0
2 0.498034 0.469236 0.080089 0.139380 0.498552 0.399546 2 0.497135 0.538926 2 0.538078 0.471120 2 0.457990 0.466065 2
