1 0.275583 0.391190 0.016625 0.030102 0 0 0 0 0 0 0 0 0 0 0 0
1 0.289185 0.224523 0.016620 0.030102 0 0 0 0 0 0 0 0 0 0 0 0
0 0.536432 0.563037 0.017698 0.029130 0 0 0 0 0 0 0 0 0 0 0 0
0 0.391677 0.891194 0.017698 0.029130 0 0 0 0 0 0 0 0 0 0 0 0
1 0.293070 0.854921 0.016620 0.030102 0 0 0 0 0 0 0 0 0 0 0 0
1 0.458227 0.836787 0.016620 0.030111 0 0 0 0 0 0 0 0 0 0 0 0
1 0.490771 0.880829 0.016625 0.030102 0 0 0 0 0 0 0 0 0 0 0 0
1 0.624352 0.074264 0.016620 0.030102 0 0 0 0 0 0 0 0 0 0 0 0
1 0.801654 0.883417 0.016620 0.030111 0 0 0 0 0 0 0 0 0 0 0 0
1 0.761336 0.594130 0.016620 0.030111 0 0 0 0 0 0 0 0 0 0 0 0
1 0.673414 0.567356 0.016620 0.030102 0 0 0 0 0 0 0 0 0 0 0 0
1 0.619008 0.512954 0.016620 0.030111 0 0 0 0 0 0 0 0 0 0 0 0
1 0.197862 0.258204 0.016620 0.030111 0 0 0 0 0 0 0 0 0 0 0 0
2 0.494904 0.468005 0.074099 0.128583 0.498349 0.403713 2 0.497693 0.532296 2 0.531953 0.471111 2 0.457854 0.467278 2
