0 0.224339 0.768866 0.015167 0.027528 0 0 0 0 0 0 0 0 0 0 0 0
0 0.540250 0.503181 0.014198 0.027676 0 0 0 0 0 0 0 0 0 0 0 0
0 0.502096 0.734875 0.014536 0.025843 0 0 0 0 0 0 0 0 0 0 0 0
0 0.564034 0.746389 0.015172 0.026407 0 0 0 0 0 0 0 0 0 0 0 0
0 0.792609 0.875440 0.016323 0.027565 0 0 0 0 0 0 0 0 0 0 0 0
1 0.703776 0.700949 0.016333 0.027287 0 0 0 0 0 0 0 0 0 0 0 0
1 0.219346 0.873579 0.015932 0.029028 0 0 0 0 0 0 0 0 0 0 0 0
1 0.237456 0.165731 0.015672 0.027389 0 0 0 0 0 0 0 0 0 0 0 0
1 0.517578 0.472718 0.014854 0.026231 0 0 0 0 0 0 0 0 0 0 0 0
0 0.730445 0.197880 0.015568 0.026704 0 0 0 0 0 0 0 0 0 0 0 0
0 0.666945 0.193991 0.015839 0.026704 0 0 0 0 0 0 0 0 0 0 0 0
0 0.564802 0.316829 0.015292 0.025731 0 0 0 0 0 0 0 0 0 0 0 0
0 0.499940 0.162676 0.014474 0.028167 0 0 0 0 0 0 0 0 0 0 0 0
0 0.284729 0.185981 0.016115 0.028167 0 0 0 0 0 0 0 0 0 0 0 0
0 0.237482 0.140097 0.016661 0.025731 0 0 0 0 0 0 0 0 0 0 0 0
0 0.314661 0.444185 0.015292 0.026222 0 0 0 0 0 0 0 0 0 0 0 0
0 0.296227 0.881495 0.015484 0.028083 0 0 0 0 0 0 0 0 0 0 0 0
0 0.495461 0.564838 0.014745 0.025731 0 0 0 0 0 0 0 0 0 0 0 0
0 0.223549 0.650606 0.015484 0.025843 0 0 0 0 0 0 0 0 0 0 0 0
2 0.513346 0.506273 0.053745 0.094620 0.492667 0.458963 2 0.534396 0.553583 2 0.540219 0.469389 2 0.486474 0.545509 2
