1 0.355328 0.725463 0.018156 0.031315 0 0 0 0 0 0 0 0 0 0 0 0
1 0.276049 0.763046 0.017891 0.032278 0 0 0 0 0 0 0 0 0 0 0 0
1 0.195820 0.880856 0.018432 0.031806 0 0 0 0 0 0 0 0 0 0 0 0
1 0.213305 0.860861 0.019786 0.031315 0 0 0 0 0 0 0 0 0 0 0 0
0 0.756940 0.511264 0.018953 0.030213 0 0 0 0 0 0 0 0 0 0 0 0
0 0.548279 0.572741 0.017964 0.031130 0 0 0 0 0 0 0 0 0 0 0 0
1 0.360612 0.878449 0.017891 0.034694 0 0 0 0 0 0 0 0 0 0 0 0
1 0.260734 0.896278 0.018698 0.033722 0 0 0 0 0 0 0 0 0 0 0 0
1 0.819484 0.639213 0.018427 0.030352 0 0 0 0 0 0 0 0 0 0 0 0
1 0.654828 0.267222 0.016531 0.031315 0 0 0 0 0 0 0 0 0 0 0 0
1 0.463745 0.293727 0.018156 0.030361 0 0 0 0 0 0 0 0 0 0 0 0
1 0.224958 0.282644 0.017615 0.028435 0 0 0 0 0 0 0 0 0 0 0 0
1 0.480143 0.496343 0.016807 0.029870 0 0 0 0 0 0 0 0 0 0 0 0
1 0.456154 0.716792 0.017620 0.032287 0 0 0 0 0 0 0 0 0 0 0 0
2 0.498034 0.469236 0.080089 0.139380 0.498552 0.399546 2 0.497135 0.538926 2 0.538078 0.471120 2 0.457990 0.466065 2
