1 0.696242 0.335060 0.016620 0.030102 0 0 0 0 0 0 0 0 0 0 0 0
1 0.275583 0.108806 0.016625 0.030111 0 0 0 0 0 0 0 0 0 0 0 0
0 0.211521 0.333000 0.017698 0.029130 0 0 0 0 0 0 0 0 0 0 0 0
0 0.572885 0.202056 0.017698 0.029130 0 0 0 0 0 0 0 0 0 0 0 0
0 0.560333 0.279435 0.017698 0.029130 0 0 0 0 0 0 0 0 0 0 0 0
0 0.646604 0.458130 0.017698 0.029130 0 0 0 0 0 0 0 0 0 0 0 0
1 0.424221 0.091537 0.016620 0.030111 0 0 0 0 0 0 0 0 0 0 0 0
1 0.464539 0.285838 0.016620 0.030102 0 0 0 0 0 0 0 0 0 0 0 0
0 0.367625 0.802426 0.017698 0.029130 0 0 0 0 0 0 0 0 0 0 0 0
0 0.277307 0.897204 0.017698 0.029130 0 0 0 0 0 0 0 0 0 0 0 0
0 0.537594 0.549685 0.017698 0.029130 0 0 0 0 0 0 0 0 0 0 0 0
0 0.160677 0.083426 0.017698 0.029130 0 0 0 0 0 0 0 0 0 0 0 0
1 0.715674 0.273745 0.016620 0.030102 0 0 0 0 0 0 0 0 0 0 0 0
2 0.462628 0.503324 0.074214 0.127981 0.464099 0.439333 2 0.462313 0.567315 2 0.499734 0.506935 2 0.425521 0.500694 2
