1 0.744435 0.540190 0.019786 0.030843 0 0 0 0 0 0 0 0 0 0 0 0
1 0.419102 0.627088 0.017411 0.029157 0 0 0 0 0 0 0 0 0 0 0 0
1 0.214818 0.802190 0.018625 0.031676 0 0 0 0 0 0 0 0 0 0 0 0
1 0.299281 0.497218 0.018198 0.031417 0 0 0 0 0 0 0 0 0 0 0 0
1 0.314857 0.448532 0.018203 0.031102 0 0 0 0 0 0 0 0 0 0 0 0
1 0.445484 0.300148 0.017323 0.030481 0 0 0 0 0 0 0 0 0 0 0 0
1 0.391727 0.203278 0.017672 0.030796 0 0 0 0 0 0 0 0 0 0 0 0
1 0.249461 0.160495 0.018703 0.030361 0 0 0 0 0 0 0 0 0 0 0 0
0 0.162633 0.883185 0.018651 0.031241 0 0 0 0 0 0 0 0 0 0 0 0
0 0.548039 0.573352 0.017255 0.030907 0 0 0 0 0 0 0 0 0 0 0 0
1 0.762458 0.339019 0.018969 0.030352 0 0 0 0 0 0 0 0 0 0 0 0
1 0.796336 0.534894 0.019516 0.031806 0 0 0 0 0 0 0 0 0 0 0 0
1 0.471633 0.511278 0.017349 0.029870 0 0 0 0 0 0 0 0 0 0 0 0
2 0.498336 0.469236 0.079484 0.139380 0.498552 0.399546 2 0.497135 0.538926 2 0.538078 0.471120 2 0.458594 0.465796 2
