0 0.422234 0.467245 0.017698 0.029120 0 0 0 0 0 0 0 0 0 0 0 0
0 0.207596 0.886181 0.004714 0.029120 0 0 0 0 0 0 0 0 0 0 0 0
0 0.356667 0.122356 0.017698 0.029120 0 0 0 0 0 0 0 0 0 0 0 0
0 0.344745 0.868019 0.017698 0.029130 0 0 0 0 0 0 0 0 0 0 0 0
0 0.722453 0.919083 0.017698 0.029130 0 0 0 0 0 0 0 0 0 0 0 0
0 0.673141 0.530833 0.017698 0.029130 0 0 0 0 0 0 0 0 0 0 0 0
0 0.650380 0.630065 0.017698 0.029130 0 0 0 0 0 0 0 0 0 0 0 0
0 0.587521 0.562630 0.017698 0.029130 0 0 0 0 0 0 0 0 0 0 0 0
1 0.110914 0.867014 0.016620 0.030102 0 0 0 0 0 0 0 0 0 0 0 0
1 0.350388 0.894644 0.016620 0.030102 0 0 0 0 0 0 0 0 0 0 0 0
1 0.604924 0.455093 0.016620 0.030111 0 0 0 0 0 0 0 0 0 0 0 0
1 0.549544 0.211569 0.016620 0.030102 0 0 0 0 0 0 0 0 0 0 0 0
1 0.444625 0.199481 0.016625 0.030111 0 0 0 0 0 0 0 0 0 0 0 0
2 0.538112 0.497579 0.075391 0.132861 0.540687 0.431148 2 0.537859 0.564009 2 0.575807 0.499917 2 0.500417 0.493907 2
