1 0.593607 0.537412 0.018724 0.031731 0 0 0 0 0 0 0 0 0 0 0 0
1 0.298492 0.471046 0.018703 0.030352 0 0 0 0 0 0 0 0 0 0 0 0
1 0.532440 0.129875 0.017411 0.032398 0 0 0 0 0 0 0 0 0 0 0 0
1 0.619328 0.370204 0.018021 0.030796 0 0 0 0 0 0 0 0 0 0 0 0
1 0.454695 0.128972 0.017818 0.032037 0 0 0 0 0 0 0 0 0 0 0 0
0 0.410974 0.478417 0.017615 0.030593 0 0 0 0 0 0 0 0 0 0 0 0
1 0.510052 0.834185 0.017500 0.033593 0 0 0 0 0 0 0 0 0 0 0 0
1 0.511977 0.656088 0.017495 0.033287 0 0 0 0 0 0 0 0 0 0 0 0
1 0.548721 0.563231 0.017849 0.030481 0 0 0 0 0 0 0 0 0 0 0 0
2 0.496872 0.469870 0.080182 0.138815 0.498536 0.400463 2 0.496609 0.539278 2 0.536964 0.471481 2 0.456781 0.467370 2
