0 0.502263 0.734625 0.014474 0.027194 0 0 0 0 0 0 0 0 0 0 0 0
1 0.798195 0.161199 0.016630 0.027639 0 0 0 0 0 0 0 0 0 0 0 0
1 0.240016 0.141269 0.016729 0.027926 0 0 0 0 0 0 0 0 0 0 0 0
1 0.219201 0.873486 0.015672 0.029972 0 0 0 0 0 0 0 0 0 0 0 0
1 0.615617 0.609088 0.014932 0.026546 0 0 0 0 0 0 0 0 0 0 0 0
0 0.785013 0.174833 0.016286 0.027278 0 0 0 0 0 0 0 0 0 0 0 0
0 0.665458 0.154477 0.015104 0.026861 0 0 0 0 0 0 0 0 0 0 0 0
0 0.580719 0.151750 0.015104 0.028111 0 0 0 0 0 0 0 0 0 0 0 0
0 0.509669 0.149653 0.014161 0.027269 0 0 0 0 0 0 0 0 0 0 0 0
0 0.351396 0.143792 0.014750 0.027194 0 0 0 0 0 0 0 0 0 0 0 0
0 0.233141 0.291630 0.015844 0.028648 0 0 0 0 0 0 0 0 0 0 0 0
0 0.314771 0.443556 0.015292 0.026704 0 0 0 0 0 0 0 0 0 0 0 0
0 0.223964 0.650384 0.016115 0.027676 0 0 0 0 0 0 0 0 0 0 0 0
0 0.223964 0.768856 0.016656 0.028639 0 0 0 0 0 0 0 0 0 0 0 0
0 0.296474 0.881986 0.015292 0.027676 0 0 0 0 0 0 0 0 0 0 0 0
0 0.737333 0.639278 0.015812 0.026444 0 0 0 0 0 0 0 0 0 0 0 0
0 0.688354 0.786778 0.016052 0.026852 0 0 0 0 0 0 0 0 0 0 0 0
0 0.792214 0.875741 0.016052 0.028537 0 0 0 0 0 0 0 0 0 0 0 0
2 0.522940 0.506282 0.055693 0.096898 0.543651 0.457833 2 0.503609 0.554731 2 0.550786 0.542065 2 0.495094 0.470500 2
