0 0.604755 0.423546 0.017698 0.029130 0 0 0 0 0 0 0 0 0 0 0 0
0 0.249120 0.136176 0.017698 0.029130 0 0 0 0 0 0 0 0 0 0 0 0
1 0.260523 0.862694 0.016620 0.030111 0 0 0 0 0 0 0 0 0 0 0 0
1 0.392164 0.857514 0.016620 0.030102 0 0 0 0 0 0 0 0 0 0 0 0
1 0.632612 0.795338 0.016620 0.030102 0 0 0 0 0 0 0 0 0 0 0 0
1 0.671956 0.478412 0.016620 0.030102 0 0 0 0 0 0 0 0 0 0 0 0
0 0.262099 0.813259 0.017698 0.029130 0 0 0 0 0 0 0 0 0 0 0 0
0 0.644333 0.375824 0.017698 0.029130 0 0 0 0 0 0 0 0 0 0 0 0
0 0.755750 0.719435 0.017698 0.029130 0 0 0 0 0 0 0 0 0 0 0 0
0 0.762896 0.864611 0.017698 0.029130 0 0 0 0 0 0 0 0 0 0 0 0
0 0.642734 0.822093 0.017698 0.029130 0 0 0 0 0 0 0 0 0 0 0 0
0 0.645943 0.692731 0.017698 0.029130 0 0 0 0 0 0 0 0 0 0 0 0
2 0.537349 0.495093 0.075385 0.132870 0.539927 0.428657 2 0.537099 0.561528 2 0.575042 0.497426 2 0.499656 0.491417 2
